Nom de l'instrument : SAM_80E0
Fichier_calib_utilise: /Users/mdlemineahmedou/Documents/Stage/pipeline_LOG/data/calibration/ALL_2023/Cal_SAM_80E0.dat
Date : 2017-07-03
Heure : 21:38:43
InclX : 
InclY : 
Pressure : 
Comment : J3-4
Mission : VITEL

l_onde		data
310			nan
311			nan
312			nan
313			nan
314			nan
315			nan
316			nan
317			43.498428587715054
318			43.07763892913764
319			43.020941394745115
320			43.27960560758305
321			43.80490119069695
322			44.548097767132376
323			45.46046495993486
324			46.49330146682888
325			47.59863544323159
326			48.72925993286487
327			49.83797490640757
328			50.86592175849179
329			51.724832721169406
330			52.321874671303576
331			52.59482634661574
332			52.686646278102955
333			52.824615391847374
334			53.228127162758256
335			53.93282462483114
336			54.79258753250434
337			55.65370752719789
338			56.40917059424862
339			57.06313803422614
340			57.63596119279737
341			58.155103213006235
342			58.693035758587094
343			59.339785954080924
344			60.18169660719668
345			61.22717356409217
346			62.41074839780388
347			63.66401110926751
348			64.91129959475576
349			66.06037375310066
350			67.01668742901427
351			67.70274040989538
352			68.14479235115712
353			68.40814467770822
354			68.55763671719318
355			68.64747690629432
356			68.72207340019708
357			68.8256007982982
358			69.03031685454911
359			69.47110455546738
360			70.29131553565934
361			71.598252513135
362			73.28450689116244
363			75.16350168705999
364			77.04953235784079
365			78.77633595955015
366			80.19532746484293
367			81.1590235652099
368			81.61263759194098
369			81.70606001490124
370			81.61654660945324
371			81.51482708712084
372			81.53298101341348
373			81.7889122831107
374			82.39118751111258
375			83.2668964955761
376			84.17818958678919
377			84.88165631405877
378			85.22412495361557
379			85.25248859626059
380			85.04051471282185
381			84.68200802152045
382			84.39056741130008
383			84.42411793923776
384			85.02985887466238
385			86.24032872344797
386			87.89059979505572
387			89.80842345002775
388			91.82824347224572
389			93.79959914724186
390			95.57409791374651
391			97.06481888056938
392			98.56115684397777
393			100.49485227560137
394			103.28815851488719
395			107.16137635193112
396			112.14456172142476
397			118.25977025447906
398			125.37747146930091
399			133.01592589041033
400			140.64348971034715
401			147.76074500240858
402			154.0730143605975
403			159.36576355194944
404			163.43904999096742
405			166.40978606823666
406			168.70390535795624
407			170.75975500291037
408			172.88093580786517
409			175.04474031798281
410			177.18003552955466
411			179.21762345854586
412			181.10122868143503
413			182.77986911079083
414			184.20243541166448
415			185.3144039601755
416			186.05776863179628
417			186.3744937478088
418			186.26094036064706
419			185.85229546423307
420			185.30557297206443
421			184.74642395824216
422			184.0776401479851
423			183.1055180251258
424			181.64315664686515
425			179.6932964303592
426			177.46287737367717
427			175.16895464499973
428			173.0343246388677
429			171.29738798363965
430			170.19917121346248
431			169.947566233213
432			170.49698979540275
433			171.6847999637071
434			173.34695634550576
435			175.29650612655072
436			177.3202255811638
437			179.2035145032334
438			180.80882638336348
439			182.2238636141875
440			183.57726955350083
441			184.98869406046146
442			186.50287319717822
443			188.1273508893107
444			189.86845822610263
445			191.69991317319437
446			193.5552977267775
447			195.36572827153486
448			197.07212106583498
449			198.64649050099584
450			200.06700532704866
451			201.31236297998132
452			202.36611016553
453			203.2143995031893
454			203.84452726160725
455			204.2897166829204
456			204.6443030211868
457			205.0068527600115
458			205.45052857099117
459			205.96023661617215
460			206.5017294807578
461			207.03937827521912
462			207.52344397929156
463			207.8959318652967
464			208.09965642130132
465			208.1233871416233
466			208.02245714676954
467			207.85741275305332
468			207.6866604429284
469			207.56040627799578
470			207.5268922112024
471			207.63164933289002
472			207.88902332485216
473			208.29339508322357
474			208.8386542311425
475			209.5081135987026
476			210.26830570856504
477			211.0842735055227
478			211.91377227929405
479			212.6835566722938
480			213.31213967867026
481			213.72169773613987
482			213.88243802662564
483			213.79835205635217
484			213.47496001406324
485			212.98791031700947
486			212.53541487683265
487			212.32803416130926
488			212.55191137489552
489			213.2772799769956
490			214.5400150002036
491			216.3648591599479
492			218.60821853058877
493			220.9959632908185
494			223.2511080361264
495			225.16329099892897
496			226.65109158679314
497			227.6478408597545
498			228.1083710949288
499			228.10198247072398
500			227.73591706572927
501			227.1181947709117
502			226.37015987056301
503			225.6245786365149
504			225.01437216540037
505			224.6334746140058
506			224.49186677360376
507			224.5886254645021
508			224.90473199289136
509			225.31261490095903
510			225.6444087920819
511			225.73520760791675
512			225.4836343723444
513			224.84864332817872
514			223.79177309342893
515			222.33546127508896
516			220.6486707807899
517			218.92195370751224
518			217.33538937635666
519			215.99794231339877
520			214.9890066774724
521			214.38348522420912
522			214.14499639818493
523			214.11989087809522
524			214.14898002587546
525			214.1055801103035
526			213.95070485439044
527			213.66000995131705
528			213.21749142807607
529			212.6715384277291
530			212.1005148051403
531			211.58092812024964
532			211.12635217972803
533			210.6766917042398
534			210.1676735472176
535			209.54990642825672
536			208.8191466538047
537			207.97967993014262
538			207.04185347764093
539			206.06945710626658
540			205.1540909449229
541			204.3866962994774
542			203.82319447680302
543			203.4739405642599
544			203.34623635105788
545			203.4427857915607
546			203.7505814051836
547			204.25326260005858
548			204.93277877476746
549			205.75399097303082
550			206.67183989528237
551			207.6411895767924
552			208.61918335575604
553			209.566261452427
554			210.4431217883797
555			211.2094013906139
556			211.8206526130539
557			212.23144489088557
558			212.40161148364243
559			212.3522794819075
560			212.14416881044806
561			211.8385757379628
562			211.49111340596227
563			211.14826061070966
564			210.85567108383864
565			210.62925721042154
566			210.35609225035356
567			209.88836976278066
568			209.08916378325227
569			207.96803591650672
570			206.63950742167478
571			205.22038121710594
572			203.82715096864612
573			202.57575858927044
574			201.582088924811
575			200.93229290119524
576			200.56794395207032
577			200.38673598281753
578			200.2918097260792
579			200.27154478346097
580			200.38182341050086
581			200.6798176805588
582			201.15048729410708
583			201.63602114939576
584			201.96184691056615
585			201.96332873325161
586			201.5299097909713
587			200.5693419278746
588			198.99672768662217
589			196.86054081282415
590			194.32551611722243
591			191.56050759003853
592			188.77792694928226
593			186.2853784762834
594			184.40304368332042
595			183.40993031034824
596			183.3350551028065
597			184.11359269868888
598			185.67704817631991
599			187.8826586854051
600			190.51672568673484
601			193.36278779581508
602			196.22670351802483
603			198.96806709252098
604			201.45439568922086
605			203.56376640217562
606			205.24549946930705
607			206.47836666787614
608			207.24274283600528
609			207.5563822848526
610			207.47595679267894
611			207.05995748578653
612			206.36786987193992
613			205.46180513394862
614			204.40430280862108
615			203.2562802913086
616			202.06655297183408
617			200.87846740494092
618			199.73407884688436
619			198.6389121377972
620			197.55727287038442
621			196.45125913699712
622			195.28204809501676
623			194.0081645398477
624			192.58765864866726
625			190.98413299929464
626			189.2067311792961
627			187.2869150654476
628			185.25791247092099
629			183.2071471671927
630			181.28788970942875
631			179.65736755633588
632			178.4428048013539
633			177.67780506770714
634			177.37776260290397
635			177.551108388887
636			178.14392374411892
637			179.06943221743958
638			180.2405103209511
639			181.56800800323194
640			182.96014304918054
641			184.32495648829004
642			185.56535957633244
643			186.56705904352066
644			187.21215884243506
645			187.3942502683864
646			187.1182741822449
647			186.45170818980733
648			185.4633716029136
649			184.2509048053854
650			182.9516453978862
651			181.70582283007934
652			180.63076347629996
653			179.76198537078878
654			179.11674813839235
655			178.7140195925083
656			178.59051503001518
657			178.79347136619685
658			179.3700857169571
659			180.35861973777992
660			181.78439892695565
661			183.67173615007033
662			186.01978873183828
663			188.7330021835438
664			191.69353582319093
665			194.78068516015034
666			197.84222118487725
667			200.7063853692668
668			203.20288130934597
669			205.25901555495128
670			206.94917196215945
671			208.35990692642645
672			209.56989214050898
673			210.62686377022547
674			211.57097204664586
675			212.4408588637788
676			213.25780636052792
677			214.0319792166472
678			214.77325019357733
679			215.4848534451103
680			216.15972119734386
681			216.78989807498337
682			217.33369328320504
683			217.61318974037655
684			217.4160895896206
685			216.53932257956203
686			214.88921194184968
687			212.44367847179873
688			209.18361806737357
689			205.1995583360495
690			200.75521246327915
691			196.12957853006444
692			191.6019603320731
693			187.45291535720122
694			183.96332241816432
695			181.39287291197093
696			179.74675858902262
697			178.8620004380887
698			178.5726805353821
699			178.7159702312946
700			179.13394727719094
701			179.66912558289263
702			180.19414401945832
703			180.7053228464226
704			181.23071894466094
705			181.8020520647352
706			182.4948357868287
707			183.4134247285371
708			184.66114489695784
709			186.24492085850304
710			188.01977689503514
711			189.8273766157545
712			191.4941433247495
713			192.78480033091333
714			193.44845901790146
715			193.2323717674383
716			191.86207920023799
717			189.0490663005742
718			184.51001349685563
719			178.28273766862975
720			170.90009028810067
721			162.93718931562566
722			154.93675560035524
723			147.31423874683637
724			140.45383952680683
725			134.71282438554792
726			130.14709431895903
727			126.62355697122396
728			124.00644656210987
729			122.17293733678773
730			121.01943209179706
731			120.44389503527515
732			120.39877853453378
733			121.04075528189172
734			122.57433371657436
735			125.17801238298752
736			128.75693852559692
737			133.05276940503086
738			137.80558911325264
739			142.7850730494266
740			147.80263666858073
741			152.67284620974021
742			157.24754007443843
743			161.5094964174637
744			165.4702317353011
745			169.14058429812857
746			172.5248280317491
747			175.62355453410433
748			178.43650906106566
749			180.93109246730774
750			183.0320858683981
751			184.6613717592891
752			185.77891382165853
753			186.46781061438656
754			186.83600293399022
755			186.96966650590554
756			186.7647080603712
757			186.0187121308799
758			184.52577921882147
759			181.991263353073
760			178.01307955074844
761			172.18288091841467
762			164.29771474722605
763			154.75475571127382
764			144.06020065611273
765			132.77283100822595
766			121.85878269585875
767			112.47436124229274
768			105.75638127554116
769			102.28330553204806
770			102.02322721018132
771			104.91274407375009
772			110.65199845907502
773			118.32817627123238
774			126.9304401420154
775			135.51194137902058
776			143.556906399935
777			150.72753231202893
778			156.69756741794342
779			161.3799078551113
780			164.91925340215298
781			167.4698433620936
782			169.18990259998336
783			170.2466585398893
784			170.80857398209162
785			171.02214309262584
786			170.90756550339137
787			170.4399975285185
788			169.59628974248616
789			168.38342819824666
790			166.8338013887648
791			164.98083980084596
792			162.88744855423982
793			160.6735274615768
794			158.4654899847616
795			156.37691956028712
796			154.45968045821363
797			152.74710121089217
798			151.27005320452236
799			150.0262940836907
800			148.98981414735337
801			148.13390409382657
802			147.41951127090738
803			146.78750654399383
804			146.17691848750567
805			145.5492118594557
806			144.95424980691243
807			144.463663522189
808			144.1398219127666
809			143.94800181271373
810			143.79552412958196
811			143.58771484888987
812			143.1787021820033
813			142.35381974998847
814			140.8935826940836
815			138.61994685918313
816			135.48560192971013
817			131.46895415216136
818			126.58216279967576
819			121.10964819274938
820			115.46739124983446
821			110.06850948277972
822			105.22592459497535
823			101.14345539253814
824			98.01920047541431
825			95.97297910187673
826			94.9305294639944
827			94.78802747106344
828			95.42556406298861
829			96.62452418591101
830			98.12887265575965
831			99.69117198665876
832			101.21916074955709
833			102.75456224928504
834			104.34345013780452
835			106.02592177286067
836			107.83061028109726
837			109.78485131087035
838			111.92099042297873
839			114.29439702819899
840			116.96705040840617
841			119.99424405622796
842			123.34988274990253
843			126.95357069310846
844			130.72373600591897
845			134.56917977618733
846			138.38463330550144
847			142.06371533034695
848			145.52057404945032
849			148.73844721633492
850			151.7150910691793
851			154.44438513187777
852			156.88769988211135
853			158.990175628184
854			160.69841045721034
855			162.0018714666048
856			162.9369091770302
857			163.5423731561453
858			163.89397289136951
859			164.15660147589722
860			164.50837436116174
861			165.10949227801416
862			166.01647449189463
863			167.2486275499664
864			168.82008980303155
865			170.66386371136193
866			172.64809467269262
867			174.63924417356733
868			176.5142174977802
869			178.1678867992371
870			179.4968981863027
871			180.44242033754253
872			181.12132514562134
873			181.6938215174567
874			182.3104912870577
875			183.0277696980448
876			183.84884656721795
877			184.77534336378662
878			185.77690602244664
879			186.78457299674622
880			187.72710974089742
881			188.55016661347952
882			189.24390348585607
883			189.80572831167802
884			190.23202311164505
885			190.51281280163948
886			190.635690518006
887			190.59031064187167
888			190.40101037154892
889			190.12089400840682
890			189.80335185795343
891			189.45208849612058
892			188.98393228791872
893			188.30695344621725
894			187.32627895266967
895			185.93549530599503
896			184.02536085184124
897			181.47913289607888
898			178.10927636439934
899			173.6893324298276
900			168.00079918953222
901			161.07592249681443
902			153.2352463542417
903			144.81534578062096
904			136.19072238475076
905			127.82840578566464
906			120.20927048279107
907			113.75045152105815
908			108.51512912051744
909			104.44432400513776
910			101.47095440069272
911			99.41554147312662
912			98.01558318900514
913			97.00655578411637
914			96.11946344401073
915			95.07852316579432
916			93.60741491006709
917			91.54656181702424
918			89.11747741560391
919			86.61930977325677
920			84.33412409398883
921			82.41617303374625
922			80.96180730290108
923			80.06498498098105
924			79.77658651595523
925			80.10719818350465
926			81.06496645737417
927			82.55667205400962
928			84.29561709957038
929			85.97334002305332
930			87.29629922355329
931			88.03275027979612
932			87.96694603498491
933			86.89006937578004
934			84.65965746289665
935			81.17015281787495
936			76.32645621903956
937			70.3200246403195
938			63.66333557959168
939			56.885410411032964
940			50.412962685611795
941			44.43963115621247
942			39.126758433818594
943			34.61174106714532
944			30.913743983707008
945			28.015506252805245
946			25.89975673974541
947			24.54922430983287
948			23.946637828373003
949			nan
950			nan
