Nom de l'instrument : SAM_839E
Fichier_calib_utilise: /Users/mdlemineahmedou/Documents/Stage/pipeline_LOG/data/calibration/ALL_2023/Cal_SAM_839e.dat
Date : 2017-07-06
Heure : 13:47:12
InclX : -11
InclY : 9.52
Pressure : +INF
Comment : 
Mission : VITEL

l_onde		data
310			nan
311			nan
312			nan
313			nan
314			nan
315			nan
316			nan
317			0.3103091655600355
318			0.33901581901897326
319			0.36306249954286646
320			0.3846801597035482
321			0.40609975207285165
322			0.4295522292226101
323			0.4572685437246566
324			0.49125528371092725
325			0.5288890917280361
326			0.5631934803225214
327			0.5870399179962944
328			0.5970992755506017
329			0.5986292655897519
330			0.5980666780439526
331			0.6013296345586867
332			0.6112269373729604
333			0.6294139632065092
334			0.6572843553335265
335			0.6911768020286904
336			0.7228393716728218
337			0.7438802481244805
338			0.7511374407466536
339			0.7529015127523553
340			0.7589797186377013
341			0.7772804412793201
342			0.8046494226143066
343			0.833937068750304
344			0.858311750705277
345			0.8770364278000571
346			0.8948043680251139
347			0.9164835760902025
348			0.9441566326168122
349			0.9738969945115997
350			1.0009959726262747
351			1.0215560250644113
352			1.0363553268899441
353			1.0478438958474818
354			1.0584641394176646
355			1.0704766541423092
356			1.085980709605934
357			1.1070637276756965
358			1.1346671769084173
359			1.1672585122083345
360			1.2029828999340324
361			1.240238618957049
362			1.2788922883204041
363			1.3193387043721165
364			1.3618794241480396
365			1.4050282193279582
366			1.445696479522472
367			1.4807469083140705
368			1.5086175987217239
369			1.53120128176715
370			1.5508489242302081
371			1.5696140858285992
372			1.5877857425130364
373			1.6050045711302903
374			1.6209181746550683
375			1.6353309872350308
376			1.6481913471082117
377			1.6594515131535068
378			1.6687470602481784
379			1.6749981119298152
380			1.677026593931106
381			1.6743215632195667
382			1.670483339641659
383			1.670676982398443
384			1.6798936254553956
385			1.6993974798272098
386			1.7269072860124257
387			1.7600022856467674
388			1.7965836827579424
389			1.8353122915438438
390			1.8749584225712164
391			1.9152232202100876
392			1.9618547900402497
393			2.0230168972390494
394			2.1065868249457034
395			2.2137302094818248
396			2.3389138664956373
397			2.4763155954931277
398			2.6205766313366943
399			2.7674950196224994
400			2.913046326341301
401			3.0529662454065036
402			3.18132411237585
403			3.291482106027344
404			3.377110816082589
405			3.4398278805448808
406			3.4896661837435285
407			3.5370576449008078
408			3.589163882056527
409			3.644400873323202
410			3.699738188985373
411			3.752496729415819
412			3.8026441915964817
413			3.8513545259549895
414			3.899757007103327
415			3.9474952363217777
416			3.9925261609053972
417			4.0327160772970405
418			4.066523097026974
419			4.094121505701405
420			4.115994899032265
421			4.13249921199956
422			4.142932745313971
423			4.146071099651454
424			4.140780527659958
425			4.129177739403528
426			4.117374953296829
427			4.111729487502847
428			4.11787560860384
429			4.139147522172573
430			4.178423110775216
431			4.2380332187344365
432			4.315253897704597
433			4.404628623659746
434			4.500716603481007
435			4.599860497749821
436			4.700798854329063
437			4.802438597212491
438			4.904315468605391
439			5.008183579025995
440			5.116285985803711
441			5.230589970964069
442			5.350178775495086
443			5.472417204177612
444			5.594660741758389
445			5.7149869927211245
446			5.832543235281038
447			5.946563198824277
448			6.0561259448045455
449			6.1596993622584595
450			6.255600399275821
451			6.342320404512418
452			6.4204472476292205
453			6.491954950819578
454			6.558837528725858
455			6.622757131364679
456			6.684829207708046
457			6.7461181884151955
458			6.8075219762010875
459			6.869195073911231
460			6.931084621861955
461			6.993048242725087
462			7.053685572386808
463			7.110667824491272
464			7.161664832855609
465			7.206409908283798
466			7.248448153119354
467			7.291736478690665
468			7.33986464286251
469			7.394555756940276
470			7.456941180586168
471			7.528026920900465
472			7.606723781226
473			7.690207354102036
474			7.775600632730484
475			7.8599808857886915
476			7.940329899893481
477			8.013617498042622
478			8.076587079686853
479			8.12466019361674
480			8.152780065945858
481			8.156270053544421
482			8.138219946253818
483			8.108971968090618
484			8.079140714531828
485			8.057759635763292
486			8.050100344837125
487			8.060887077667916
488			8.09357623632832
489			8.1430516803188
490			8.200646333013626
491			8.257771007789005
492			8.308112297670045
493			8.347763623478734
494			8.372936010805867
495			8.381243798557804
496			8.374134165395036
497			8.353702671529412
498			8.322268889350125
499			8.283923065582929
500			8.243596450201283
501			8.206129223659156
502			8.173197943898893
503			8.1426741763424
504			8.112203724976546
505			8.079555504591907
506			8.042887151118148
507			8.000432834571654
508			7.950406216511214
509			7.890829498156933
510			7.819620521493527
511			7.734796153923619
512			7.638795641564864
513			7.54013125042981
514			7.4477558809625855
515			7.369866993003034
516			7.311888260911622
517			7.27860689596807
518			7.2741469718370455
519			7.295235395819913
520			7.333970713963799
521			7.382407153300111
522			7.434263079978863
523			7.485876194780727
524			7.533814248671897
525			7.575372468827516
526			7.61096405514151
527			7.641837383903367
528			7.669170498590302
529			7.693191294040509
530			7.713445301725983
531			7.729457964233205
532			7.740264696688441
533			7.744013553733894
534			7.73875907895771
535			7.723102770302565
536			7.698389131091825
537			7.666820730628847
538			7.63061259869659
539			7.592181909009981
540			7.554112405167562
541			7.518985135956748
542			7.488151638197402
543			7.4603927687025
544			7.434166811832987
545			7.408053557616134
546			7.381347875182929
547			7.353605354933106
548			7.324400909292191
549			7.29370378513991
550			7.261855875465761
551			7.229213211320921
552			7.19598488998252
553			7.162024129316412
554			7.127131323680858
555			7.091234080484005
556			7.055141702326048
557			7.02003689002549
558			6.987051185400369
559			6.955915719474745
560			6.924844848769996
561			6.891977526530297
562			6.855799723633642
563			6.815773726980538
564			6.771532267093478
565			6.722769987183341
566			6.669689038273488
567			6.612740161130314
568			6.552373601854449
569			6.4889623880332215
570			6.422783759294326
571			6.354108961358162
572			6.283098142165962
573			6.209547729728559
574			6.133179835455964
575			6.053609232996618
576			5.969404902435139
577			5.87854609938285
578			5.779023632488791
579			5.669698644800269
580			5.550667726825732
581			5.422121494434513
582			5.283862886375345
583			5.134217772190323
584			4.971160297660809
585			4.793131549023509
586			4.604010699301943
587			4.411190073140422
588			4.222087140309123
589			4.041829749786252
590			3.8718306192347147
591			3.7131626360448395
592			3.5663889604080383
593			3.4298178185170967
594			3.3011340947656125
595			3.1781212690659157
596			3.0599444205342787
597			2.946786070662708
598			2.8388524244292666
599			2.736353975541775
600			2.639509160657542
601			2.5485372773174326
602			2.463925726032002
603			2.387534484975356
604			2.321661608622334
605			2.2683896954160505
606			2.2261417021233583
607			2.1902841257342707
608			2.1561041594879264
609			2.121299293236528
610			2.088652263377673
611			2.0615907184624556
612			2.0427220700195576
613			2.029809196908157
614			2.0188426986883456
615			2.005948898436304
616			1.990119685482596
617			1.9730468205273541
618			1.956525138651376
619			1.941713573667387
620			1.9282468147386909
621			1.9155359085636166
622			1.9029026888878902
623			1.8890630569748723
624			1.8724809090865808
625			1.8517117682962292
626			1.8276657125398086
627			1.8037415769129757
628			1.7834548845448368
629			1.7686472665972128
630			1.7566184232555522
631			1.743905093621524
632			1.7276545153256089
633			1.709765401769558
634			1.6943635620154616
635			1.6854639558326774
636			1.6831806428185694
637			1.6830292417343748
638			1.680261851827199
639			1.6715238387753713
640			1.6577195367170163
641			1.6405642442395671
642			1.6216379436691928
643			1.6013187913610976
644			1.5793557764105428
645			1.5555059413839865
646			1.5300605288852844
647			1.504008601278706
648			1.478386208511643
649			1.4538948886636271
650			1.4300913686227796
651			1.4062876750037956
652			1.381798319265925
653			1.3559628706944138
654			1.328135415076547
655			1.2977181620711489
656			1.2664804208457574
657			1.239594074442974
658			1.2224946232371097
659			1.2184412477151978
660			1.2224193481261805
661			1.2274484580689633
662			1.2271539482352891
663			1.222054390516351
664			1.2170455375773668
665			1.217038626965122
666			1.2235686537023798
667			1.2328713124122477
668			1.2407186269195583
669			1.2439528180983026
670			1.2438932619057101
671			1.2430299459275955
672			1.243723321468114
673			1.2466838729070788
674			1.2514849324409254
675			1.257660837823573
676			1.2634603832898237
677			1.2649479026669408
678			1.2579754548927498
679			1.2399107397806997
680			1.2150253950985528
681			1.189555783281237
682			1.1692837902016484
683			1.1535720935146299
684			1.1370307895980172
685			1.1141937893492528
686			1.083056008569666
687			1.047919148882888
688			1.0137547766023818
689			0.984448689026676
690			0.958562150986177
691			0.9330268877833675
692			0.9049548451603381
693			0.8742518709757087
694			0.8430220984783872
695			0.8134222798281815
696			0.7868057942839277
697			0.7629725002573601
698			0.7415447048220631
699			0.7218615922016709
700			0.7017857506637624
701			0.6786999499398582
702			0.6502457285542945
703			0.6183904381862585
704			0.5886777691857275
705			0.5667332915004104
706			0.5545458061413417
707			0.546726593694602
708			0.5369937164707742
709			0.5202208430114504
710			0.49760734663478384
711			0.47250603775736616
712			0.44810281600202523
713			0.4245922472809934
714			0.39960126298235155
715			0.3706855118750917
716			0.3373781507553451
717			0.303368221469057
718			0.2728694076542072
719			0.2493538113555944
720			0.23209317938614102
721			0.21888210343963901
722			0.20754085749490506
723			0.19639399318856252
724			0.18420981437514766
725			0.16977997971654354
726			0.15336901678693263
727			0.13840507257159235
728			0.12872598225224183
729			0.12714188297549114
730			0.1305311655970359
731			0.1336486536978881
732			0.1315437238977855
733			0.12485900333928893
734			0.1192160187930087
735			0.1203888902608197
736			0.13021475367576146
737			0.14201196179303524
738			0.14798622448941018
739			0.142055979889553
740			0.12805086683569983
741			0.11335738056448169
742			0.10506623817230845
743			0.10464017982598388
744			0.10854509720479956
745			0.1130790519496132
746			0.11557151349093504
747			0.11556600660246868
748			0.11289257467533471
749			0.10767859586568675
750			0.10174713148929851
751			0.09752144726677764
752			0.09725529877380056
753			0.10010345169252739
754			0.10251679073944375
755			0.10087246278049856
756			0.0942989803448448
757			0.08769090352231414
758			0.0866683139490338
759			0.09520695112071882
760			0.10820533641835174
761			0.11744688138974138
762			0.11521115485237272
763			0.10238986653945811
764			0.08714435235715377
765			0.0778339707542036
766			0.07867687119852187
767			0.08555849683360676
768			0.0933651817808744
769			0.09787924621624865
770			0.09958228546258263
771			0.10049124439022869
772			0.10250718616492811
773			0.10566700110124166
774			0.10851006166762397
775			0.10953955678498883
776			0.10794312124251995
777			0.10420816409649407
778			0.09896739094027578
779			0.09330068100691216
780			0.09047374463421831
781			0.0944191371921911
782			0.1085764463330302
783			0.12926961330281506
784			0.14747643478983663
785			0.1541127180834625
786			0.14602321583051817
787			0.13049385537072636
788			0.11587278452792987
789			0.10872815748892603
790			0.10767878292357666
791			0.1091251935726793
792			0.10973877779770995
793			0.10964679641038182
794			0.11136058620058381
795			0.11739826837862312
796			0.12760692524174927
797			0.13754882499152338
798			0.1424002024314837
799			0.1388678695558163
800			0.12977564863321397
801			0.11947529102515388
802			0.11217743424070568
803			0.11053416643257963
804			0.11622963047652082
805			0.13084523388544564
806			0.15162637124649894
807			0.1695965710663031
808			0.1752987860173629
809			0.16301661418745164
810			0.14012667142156307
811			0.11686857292985381
812			0.10250982218980323
813			0.09719657611447503
814			0.09608303418159916
815			0.09437502700521137
816			0.09100430533484874
817			0.08959667402686612
818			0.09407581684213785
819			0.10608013228166921
820			0.12038729423691993
821			0.1304928529671312
822			0.13077945587982626
823			0.12257437958560881
824			0.1104762717600834
825			0.09904125174075298
826			0.09117483593674823
827			0.08799181911519496
828			0.09051399348047363
829			0.09846493105009828
830			0.10829004032382011
831			0.1159252701710655
832			0.1178991399754105
833			0.11454215951954537
834			0.10768654936806533
835			0.09914974239207433
836			0.09038508740724148
837			0.08251273624179158
838			0.07664263483767457
839			0.07421422398920592
840			0.07735408362227425
841			0.08827475572124754
842			0.1077331206461767
843			0.12897324152859052
844			0.1428225069056368
845			0.14079934027252786
846			0.1244765783652041
847			0.10301500746679548
848			0.08570926521111612
849			0.07779264438088573
850			0.07762577923878665
851			0.08290503691219488
852			0.0912099933122107
853			0.09964556020790052
854			0.10519607851558553
855			0.10518355112809617
856			0.10054394212371376
857			0.09440499715237362
858			0.08987354471339913
859			0.087868997748806
860			0.08636078349488333
861			0.08311036283810094
862			0.07696504287577126
863			0.07016543415146152
864			0.06561317613811042
865			0.06573429292251345
866			0.06921570644459572
867			0.07297660943575911
868			0.07402005752248822
869			0.07173822070298057
870			0.06804053460790607
871			0.06495465398842
872			0.06400810808903887
873			0.06554825872280215
874			0.06975231410427209
875			0.07662678047177426
876			0.08520034362099146
877			0.09415412874465313
878			0.10219581482695661
879			0.10846427931109985
880			0.11244505990764593
881			0.11363505743580483
882			0.11166519048011322
883			0.10640181670893044
884			0.0977351719107442
885			0.08622266047859904
886			0.0751622053486115
887			0.06855530102540769
888			0.06991659057545893
889			0.0776744750517225
890			0.08722914045212829
891			0.09402600839729247
892			0.09677146074551111
893			0.09837289710813096
894			0.1020113075864826
895			0.1071881804278795
896			0.10281221233762061
897			0.07589744459078383
898			0.01762350579560546
899			-0.0519115133785818
900			-0.10034461837437048
901			-0.09693676324427929
902			-0.04448012721959659
903			0.023189271691749037
904			0.07119686906407495
905			0.08215631890413128
906			0.0735358435939018
907			0.06693528231807294
908			0.07806461747483348
909			0.09548697704787441
910			0.09994942107201617
911			0.074324120700513
912			0.026238421853451124
913			-0.020689072340479883
914			-0.04289474053743621
915			-0.03090135894049146
916			0.005516932524072043
917			0.05519609430066355
918			0.1028810784976381
919			0.12103510544711439
920			0.07982620259545592
921			-0.04135866571973914
922			-0.19785882541338767
923			-0.3168405466753901
924			-0.3289620565627434
925			-0.2366569933506191
926			-0.10846151801386292
927			-0.015043804219033029
928			0.013007679180902072
929			0.02275156937927578
930			0.0701406944293451
931			0.1899203030165678
932			0.324426344590768
933			0.39083142422821915
934			0.3163319677269568
935			0.13407170557104997
936			-0.05916491137996744
937			-0.16756771702942444
938			-0.16046435185907873
939			-0.08823485971479404
940			-0.006305876367493874
941			0.04369725695523265
942			0.05658909512516201
943			0.033128564186252665
944			-0.023935455257533274
945			-0.09991709091430008
946			-0.17569972584231572
947			-0.23215942759107114
948			-0.2501722637100572
949			-0.21061430174876467
950			nan
