Nom de l'instrument : SAM_80E0
Fichier_calib_utilise: /Users/mdlemineahmedou/Documents/Stage/pipeline_LOG/data/calibration/ALL_2023/Cal_SAM_80E0.dat
Date : 2017-07-05
Heure : 13:42:26
InclX : 
InclY : 
Pressure : 
Comment : J4-2
Mission : VITEL

l_onde		data
310			nan
311			nan
312			nan
313			nan
314			nan
315			nan
316			nan
317			250.64356876894047
318			245.33686200768025
319			242.28880649756124
320			241.14309135891628
321			241.54340571207834
322			243.13343867738024
323			245.55687937515503
324			248.46317899839957
325			251.64635399007906
326			255.05200774614562
327			258.63254436928304
328			262.1941527413576
329			265.1741887766875
330			266.9527523049411
331			267.08349902776865
332			266.2833643997211
333			265.74735500190945
334			266.6295243027428
335			269.1270710060248
336			272.49068691625615
337			275.9315893258872
338			278.9156249219543
339			281.51489161671793
340			283.88977341954666
341			286.21707126024774
342			288.7774840376047
343			291.89223579306906
344			295.86905704083745
345			300.73137257394114
346			306.23312171821686
347			312.1173679243552
348			318.0662288350257
349			323.6225026130584
350			328.30960762214767
351			331.72908061196125
352			333.9579705151557
353			335.25224743493226
354			335.8692295562811
355			336.08666838520145
356			336.2011522588219
357			336.5103968038107
358			337.40162298763477
359			339.4616480436468
360			343.3042800915623
361			349.3881856044614
362			357.2479903333868
363			366.0776076053368
364			375.06928395557856
365			383.39324219347907
366			390.19967932758243
367			394.6406575434336
368			396.39303472787117
369			396.2924344221337
370			395.32940697732863
371			394.44358153855705
372			394.27301005277366
373			395.34513533601546
374			398.14288499263023
375			402.2852737591343
376			406.6061289636217
377			409.912791341409
378			411.43918486137557
379			411.36499458096665
380			409.9969481011326
381			407.74790805442865
382			405.6652732372985
383			405.0312331419064
384			407.07786696167796
385			412.0334806494811
386			419.2030102759387
387			427.8568369168053
388			437.2249616944945
389			446.4463042768582
390			454.6473057533008
391			461.27451716806985
392			467.73413044654376
393			476.17359389535056
394			488.6929802008916
395			506.3826959849253
396			529.3820146693977
397			557.7902903494929
398			590.969138420619
399			626.5660449290378
400			661.9856217138499
401			694.8041037179134
402			723.6880980570925
403			747.7310247000763
404			766.0911938099777
405			779.3323918552247
406			789.3891331898527
407			798.2509724580356
408			807.3025707885079
409			816.4637498704168
410			825.4369429211746
411			833.9317500257714
412			841.7056334595477
413			848.5356607965963
414			854.1975791171957
415			858.4342447792651
416			860.9549663173904
417			861.4681756134921
418			859.953387359002
419			857.0819469023512
420			853.6339727214623
421			850.2343652950734
422			846.4050706852069
423			841.1904698294569
424			833.667668340738
425			823.827480269515
426			812.644570868694
427			801.1423310654894
428			790.3653161888532
429			781.4156048654797
430			775.4049558359537
431			773.2917849600966
432			774.8614570957594
433			779.3576042684123
434			786.0184563095739
435			794.0081124174144
436			802.4056751304505
437			810.285853453374
438			817.0412112839339
439			822.9934887790038
440			828.6333120367924
441			834.4222307887719
442			840.5795952482435
443			847.2045118565655
444			854.3885539531962
445			861.9931183087333
446			869.5963304607618
447			876.7589279479897
448			883.1475927010509
449			888.7652020844262
450			893.6811669519533
451			897.9529222082749
452			901.5280556788603
453			904.2951252671958
454			906.1478935439416
455			907.2170693689761
456			907.9486504912901
457			908.8104642536508
458			910.1376083502831
459			911.8040585189804
460			913.5837170313223
461			915.2528553636387
462			916.6119436171182
463			917.4756102852684
464			917.6618686606691
465			917.1500665041832
466			916.1532368291465
467			914.9027147058794
468			913.6454664911247
469			912.6883618497909
470			912.3526180769991
471			912.9348724515685
472			914.4489969623831
473			916.7278382833452
474			919.6011313659405
475			922.888566924886
476			926.3939002793402
477			929.9194721729152
478			933.2408381689747
479			936.0196134869184
480			937.8871218419355
481			938.4960547232074
482			937.7792507382067
483			935.8666010542393
484			932.895178647493
485			929.263740741928
486			925.8283915744954
487			923.491314153734
488			923.0588188094448
489			924.8821043544615
490			929.177463638886
491			936.1073174505641
492			945.0193892019881
493			954.629648868519
494			963.6406975118393
495			971.1314890041904
496			976.9093579532803
497			980.8649701406011
498			982.9551758050642
499			983.4891771436442
500			982.892968071086
501			981.5924526835631
502			980.0106006533198
503			978.5678661944683
504			977.6835715465396
505			977.5865149603985
506			978.0952257578099
507			978.9749470049702
508			979.9615259355922
509			980.6144677990902
510			980.4278210765473
511			978.9054299691517
512			975.759071523882
513			970.8979889182461
514			964.2401024791488
515			955.9696286315623
516			946.9115024146488
517			937.9850630108908
518			930.0496096195785
519			923.556743314205
520			918.7885394978407
521			916.0080925545268
522			915.011889234361
523			915.1047204297199
524			915.5681693952854
525			915.8313314627044
526			915.7212859874287
527			915.131559752096
528			913.9846457442487
529			912.4266759851391
530			910.7078854808185
531			909.0716253639995
532			907.5290859525729
533			905.8196944143515
534			903.6674895159396
535			900.8897760432553
536			897.5868028472552
537			893.9122733094574
538			890.031185140939
539			886.208114839607
540			882.7594574593542
541			879.9986111658026
542			878.1046881451009
543			877.0820745812864
544			876.9234482940575
545			877.6011708032406
546			879.0181800337548
547			881.0625976292442
548			883.6222317275796
549			886.5817204857917
550			889.8238617843934
551			893.2311234922606
552			896.670561507773
553			899.9869391904552
554			903.0232774108937
555			905.6353041828647
556			907.7276727638734
557			909.2168095785731
558			910.030890531003
559			910.2349066156848
560			909.9822247223738
561			909.4284665852782
562			908.780773834874
563			908.3290947156869
564			908.3708570240285
565			909.0578925107931
566			909.9113127581669
567			910.2814789593474
568			909.5622516470988
569			907.7331451211481
570			905.1932998468702
571			902.350676783979
572			899.5846584654839
573			897.2236392228557
574			895.5907397385482
575			894.9031039478225
576			894.8625770161074
577			895.014610007789
578			894.9277158405177
579			894.5312044830771
580			894.0401095275047
581			893.675889054771
582			893.4789800291869
583			893.1319232677542
584			892.2752427253556
585			890.5819174913297
586			887.901562623375
587			884.1435940019956
588			879.2291698280749
589			873.2920588987553
590			866.6513648798226
591			859.6332338770331
592			852.7252557657354
593			846.7678452135679
594			842.6480335433182
595			841.1226905898906
596			842.1583966915692
597			845.4250717729329
598			850.5840120232164
599			857.1248559972182
600			864.3732865183398
601			871.648785595453
602			878.3793479002294
603			884.2542152517447
604			889.0011484007933
605			892.3748176077357
606			894.3114397081899
607			894.822281932978
608			893.9214565717529
609			891.6876280169007
610			888.2666687868309
611			883.8076290955061
612			878.4802134668766
613			872.5086643545989
614			866.1261215586841
615			859.5597619937987
616			852.9922763979615
617			846.5862524310003
618			840.500089241424
619			834.7740286407587
620			829.314989116423
621			824.022739038425
622			818.7840287221015
623			813.4481155062302
624			807.8575476716919
625			801.8761517489102
626			795.5422793129262
627			788.9798114525479
628			782.3162875598249
629			775.782451657898
630			769.7344389103545
631			764.5359097785733
632			760.4719457843706
633			757.5824360451277
634			755.8595792467978
635			755.2830216131667
636			755.7200135697204
637			756.9785738630401
638			758.8665469923014
639			761.2056640724998
640			763.8356925867894
641			766.5975984258528
642			769.2934707376312
643			771.5950116490144
644			773.1466191080368
645			773.6282142617544
646			773.0640531370257
647			771.6717789772586
648			769.6708736613474
649			767.267117916247
650			764.6474209432484
651			761.997314916921
652			759.4659941235212
653			757.0728562048463
654			754.8083301147847
655			752.6803223277146
656			750.8783246623162
657			749.699482042159
658			749.4416477119879
659			750.3673122303893
660			752.6877704429753
661			756.6103095476626
662			762.2316153965875
663			769.2319544899775
664			777.1936076404666
665			785.6898766629525
666			794.1952234636032
667			802.1228783771469
668			808.8912901667745
669			814.2602325344642
670			818.5038196871715
671			821.9387341235359
672			824.8442410761834
673			827.3527996285582
674			829.5608694169124
675			831.5647054732339
676			833.4582079978109
677			835.3337691198177
678			837.2828230137725
679			839.3406272094145
680			841.4552631653454
681			843.5673013573273
682			845.5264374753579
683			846.8154076517359
684			846.8243348060477
685			844.9766261352117
686			841.0902747251182
687			835.2415284271747
688			827.514440118646
689			818.2036108501599
690			807.9362453255997
691			797.3689029570106
692			787.1589907691905
693			777.9673917259096
694			770.4558796838035
695			765.2311566604684
696			762.2384110762202
697			760.9857099369917
698			760.9743461866938
699			761.7691125947538
700			763.0356526766609
701			764.4485751560034
702			765.7476936805886
703			766.9405279875153
704			768.1032911467365
705			769.3216698709437
706			770.79461929513
707			772.7956890538677
708			775.5957660179881
709			779.2162558979122
710			783.2854555564459
711			787.3970852349676
712			791.1011127571935
713			793.7703753749964
714			794.7328910621238
715			793.3136603638118
716			788.8024425172721
717			780.4661824420276
718			767.5850211652307
719			750.2419516728711
720			729.757570128646
721			707.5581403517689
722			685.0338944476904
723			663.4335148316244
724			643.9709293077334
725			627.7726113820078
726			614.9865172802141
727			605.1469520584839
728			597.7797365235492
729			592.4632422077294
730			588.8539296960978
731			586.6146001582043
732			585.5810684987227
733			586.2376009877781
734			589.2203545332073
735			595.0834880505524
736			603.5194015769866
737			613.7050816684693
738			624.8132455876527
739			636.1424292324671
740			647.1686421362451
741			657.381287775284
742			666.3891397382602
743			674.2203272940404
744			680.9950188862285
745			686.8318918720098
746			691.8351918405318
747			696.101068751204
748			699.7231306424511
749			702.696525924389
750			704.8866642110557
751			706.150119951884
752			706.420484372157
753			705.8803811473645
754			704.7626757971252
755			703.24243085814
756			700.9893985265984
757			697.4122100385148
758			691.9082652792548
759			683.5732830296395
760			671.137758317681
761			653.3108735072045
762			629.4701914095283
763			600.946170481804
764			569.4240420677472
765			536.7196534488153
766			505.66068825281207
767			479.54719633252734
768			461.6166810650834
769			453.33600060553044
770			454.23640955386213
771			463.74965858606197
772			480.73369968809334
773			502.5590434239874
774			526.3583304708424
775			549.4622014409642
776			570.5351711485573
777			588.7924484886756
778			603.481464660259
779			614.5130442170963
780			622.4410323588772
781			627.8454835975529
782			631.2606984411176
783			633.1176285804315
784			633.833043664329
785			633.7757667624584
786			633.0389829228096
787			631.6175700806871
788			629.5069079890864
789			626.7131071099818
790			623.2513232633418
791			619.1377084112521
792			614.473368290992
793			609.5236825880637
794			604.5728050672667
795			599.8699487892133
796			595.4962436605273
797			591.482340207832
798			587.8606685903337
799			584.6878090548204
800			582.0376755425082
801			579.9830600603077
802			578.4938363820721
803			577.3724815856507
804			576.406111803658
805			575.4409315082996
806			574.5559527707278
807			573.887516380427
808			573.5542458469787
809			573.489042963114
810			573.5139490383546
811			573.445321782817
812			572.9231580732239
813			571.3504782481766
814			568.113691279666
815			562.7091943032906
816			554.9803663748986
817			544.8388411210194
818			532.2835986801042
819			518.0181797940419
820			503.08657939449364
821			488.5283949506943
822			475.2051202335522
823			463.78431246312044
824			454.92306180088224
825			449.0313187168937
826			445.90629047478785
827			445.2518517515131
828			446.7393767090032
829			449.84079892871785
830			453.9524426779672
831			458.4874033315456
832			463.16155966902147
833			467.95222483517836
834			472.84548468680896
835			477.84866475043845
836			483.0098342766298
837			488.3816737364303
838			494.04288997807816
839			500.1917982083929
840			507.0610517589337
841			514.8584899874598
842			523.4898717996367
843			532.6594153563839
844			542.068650912904
845			551.4696947188376
846			560.6885938171885
847			569.5572604001986
848			577.9167539877392
849			585.6389183835568
850			592.6020664033101
851			598.6876430548708
852			603.8033590375874
853			607.8700382199462
854			610.813095965048
855			612.6800986231914
856			613.652202202867
857			613.9176160071829
858			613.7482591850921
859			613.6185891965295
860			614.0330918242545
861			615.4284831280087
862			617.8492618197567
863			621.1991543566689
864			625.378613558445
865			630.2391037739419
866			635.5929297606667
867			641.2494699295223
868			646.8698918536926
869			651.8603902448053
870			655.6019852108965
871			657.7188735250562
872			658.7949207632109
873			659.6506938092273
874			661.0492583913818
875			663.1913558644245
876			665.9597001202249
877			669.2318231428269
878			672.8330939980476
879			676.5258998840769
880			680.0689365407636
881			683.2571171863301
882			685.9808262529084
883			688.1459950337662
884			689.6884076378881
885			690.7288285653718
886			691.4587827556832
887			692.0644981233224
888			692.6408903749241
889			693.2071377797665
890			693.7790073032182
891			694.2769181387673
892			694.454572532973
893			694.0488656869095
894			692.7893282838862
895			690.3766145495591
896			686.5043021389703
897			680.8552032963098
898			673.0105298103091
899			662.4956305224578
900			648.8497959391866
901			632.0478283790139
902			612.5652614584959
903			590.9061978360895
904			567.8802454001893
905			545.0423411354449
906			524.0589449282346
907			506.39643045035615
908			492.41006238158525
909			482.071631282915
910			475.30313543422216
911			471.3309807525235
912			468.8677669795169
913			466.62155124579215
914			463.72477761347164
915			459.9539781858829
916			455.1395537222617
917			449.248551506033
918			442.6940806565571
919			435.9801206111146
920			429.6016788871338
921			423.98663585202627
922			419.53246177148884
923			416.6325972193031
924			415.60113699962864
925			416.67795707042154
926			420.09590918633677
927			425.6133509660109
928			432.0829647884119
929			438.2555569457815
930			442.9637638764601
931			445.37915515367393
932			444.76103903114034
933			440.38756214243136
934			431.71724554115707
935			418.3089321237921
936			399.75200174335447
937			376.47482555371835
938			349.8456721219706
939			321.2826321740349
940			292.22751032207816
941			264.17613548525014
942			238.63182249151168
943			216.8863316345845
944			199.18689090575708
945			185.45891941675853
946			175.6277461308151
947			169.61870001115307
948			167.3571100209986
949			nan
950			nan
