Nom de l'instrument : SAM_839E
Fichier_calib_utilise: /Users/mdlemineahmedou/Documents/Stage/pipeline_LOG/data/calibration/ALL_2023/Cal_SAM_839e.dat
Date : 2017-07-01
Heure : 19:03:56
InclX : -11
InclY : 9.52
Pressure : +INF
Comment : 
Mission : VITEL

l_onde		data
310			nan
311			nan
312			nan
313			nan
314			nan
315			nan
316			nan
317			0.4585049606494524
318			0.3756126681262065
319			0.30122844883405964
320			0.23893916622284292
321			0.19233168374238782
322			0.1649928648425257
323			0.16050957297308785
324			0.1820583948317937
325			0.2243495173692739
326			0.2741329176260184
327			0.31785680346593603
328			0.34357741831883515
329			0.3429852475110703
330			0.308269801774998
331			0.23651822117835988
332			0.15417801808608123
333			0.09858815673269454
334			0.10528439391815833
335			0.17437386073025213
336			0.2737894445647849
337			0.3703417266833958
338			0.43982048353017045
339			0.47767861726339356
340			0.48197306856059857
341			0.4534529351731383
342			0.4085515595137
343			0.36936673835047623
344			0.3569714559444201
345			0.3729800450787445
346			0.40166908271657054
347			0.42674891329024667
348			0.43929909073467627
349			0.4462971041566173
350			0.4567897139686839
351			0.47751216970570787
352			0.5018754193154684
353			0.518526192493825
354			0.516815376619109
355			0.49938641240028436
356			0.4806776699242196
357			0.47550438651536103
358			0.4927379275757916
359			0.5284173553478856
360			0.5769100742323505
361			0.6322453334862086
362			0.6864906983079844
363			0.7310080956392138
364			0.7575835988373184
365			0.7660934076036648
366			0.7636648568762835
367			0.757674877178996
368			0.7541168697396393
369			0.7559503238064824
370			0.7657322995006359
371			0.785384418666207
372			0.81305810327247
373			0.8455196230243184
374			0.8794347137975943
375			0.9095211024873506
376			0.9287090750408574
377			0.9298886469634717
378			0.9117757968220562
379			0.886248497650257
380			0.8669912450124567
381			0.8660166051805189
382			0.8850337131406648
383			0.9218302362194818
384			0.9739676823597355
385			1.0344061803214502
386			1.0917285067053766
387			1.134364906411526
388			1.1566014636064115
389			1.1665400222240323
390			1.1742739418294978
391			1.1890987790332952
392			1.2151273354765164
393			1.254401989103247
394			1.308899597699331
395			1.3792196730112687
396			1.4645870128929
397			1.5641609297054604
398			1.6748790965589577
399			1.7881336102563232
400			1.8944655615840815
401			1.9857984994952045
402			2.063659719833238
403			2.1336520852017147
404			2.2013171959468556
405			2.2702528984062753
406			2.3419987692053987
407			2.417991572811195
408			2.497466422789487
409			2.5737706428810334
410			2.639277797860611
411			2.6876862673469377
412			2.722675117367669
413			2.7524720208700204
414			2.785151918190778
415			2.823647563509881
416			2.8650538941809374
417			2.9061509378772263
418			2.9445397992408338
419			2.9802025817058366
420			3.0135505217403162
421			3.0447592248285127
422			3.0720521581607656
423			3.0926880104745877
424			3.1040395375851313
425			3.1076445732639257
426			3.1101607241714886
427			3.1185597306185655
428			3.139071808156805
429			3.1755683472810867
430			3.231452756925142
431			3.309223507660476
432			3.4030171760721566
433			3.5024499736881483
434			3.5972526684341988
435			3.6838221482243294
436			3.7675105500455035
437			3.854299121469631
438			3.948861350695101
439			4.051257163682548
440			4.160529618935921
441			4.275730474449699
442			4.396002466951235
443			4.520542542226147
444			4.648539586506165
445			4.778714804395146
446			4.909096625148983
447			5.0376574878174605
448			5.162291359008502
449			5.280582120419673
450			5.390037072232993
451			5.488581151806352
452			5.57915983703766
453			5.668038026410774
454			5.761469409157576
455			5.860710293267486
456			5.958784492713563
457			6.047947562548028
458			6.122818085973684
459			6.188563475257684
460			6.2532936127491245
461			6.324571493441155
462			6.40227213589256
463			6.4805966609716545
464			6.553648771124758
465			6.619098825345202
466			6.681205747140015
467			6.74494025918886
468			6.814951633350636
469			6.894254851934848
470			6.9853468058526005
471			7.09039718052718
472			7.206099675943594
473			7.324612877514359
474			7.4379856244056874
475			7.542573133057562
476			7.643723207133313
477			7.747910394811526
478			7.858695956436296
479			7.962633506733757
480			8.040122302130293
481			8.072677203158408
482			8.064739296511657
483			8.042158589392617
484			8.031575313193802
485			8.05096906408561
486			8.097714184969059
487			8.16618679097731
488			8.250924327129733
489			8.347555081166437
490			8.452159191931521
491			8.56083138892609
492			8.67000148152805
493			8.77645365418059
494			8.87698935548846
495			8.968582201915629
496			9.048676048331107
497			9.114794297387288
498			9.165738846941977
499			9.210417289446498
500			9.262537039543155
501			9.335456806859641
502			9.430106966417489
503			9.532469927719605
504			9.627643191308891
505			9.706233138406866
506			9.776240386224536
507			9.849090248578374
508			9.93440143468761
509			10.024926776532425
510			10.104226026916487
511			10.156055630999784
512			10.17695385644835
513			10.181011574939296
514			10.183593220259395
515			10.198543208325935
516			10.234124836605853
517			10.297320778714887
518			10.394195493980533
519			10.520570946517685
520			10.66586043451969
521			10.819444462372138
522			10.97479525226332
523			11.131825340186818
524			11.291012900206438
525			11.45146036517626
526			11.60637372280581
527			11.747379546150697
528			11.867009402419342
529			11.970019306874176
530			12.069944443827064
531			12.180407720947882
532			12.305092306676132
533			12.429682109142083
534			12.537964254013913
535			12.61716205094427
536			12.671731456296643
537			12.711519136927372
538			12.746241780584686
539			12.783426006831382
540			12.828793783469466
541			12.887992358964995
542			12.96331786933891
543			13.05005990005324
544			13.142628844998926
545			13.23616073233579
546			13.33006205692976
547			13.425296346277111
548			13.522605409597366
549			13.618068330408716
550			13.703357915843853
551			13.769992393730265
552			13.815227369177501
553			13.85021460195801
554			13.888168470833113
555			13.940353952121939
556			14.004524996646783
557			14.072713631266062
558			14.137096762259409
559			14.194264306091563
560			14.245585877696874
561			14.292668367695152
562			14.335744537259147
563			14.371181105996353
564			14.394669866429293
565			14.40264971056643
566			14.397683619607472
567			14.385334303467637
568			14.371102845246204
569			14.357603426554526
570			14.343869087754525
571			14.328709388049457
572			14.309225036413151
573			14.276922184564015
574			14.222163883599523
575			14.136905363056544
576			14.028614473005495
577			13.91350665222864
578			13.807590027612173
579			13.71224244681047
580			13.608073945279886
581			13.47411398728463
582			13.293594902969895
583			13.065762151558122
584			12.793674282379355
585			12.481010240099836
586			12.138674224001784
587			11.782238143898699
588			11.427297438176165
589			11.085732579369076
590			10.763396148400016
591			10.465589343245506
592			10.195489995795002
593			9.9468825793111
594			9.710954917633218
595			9.47915313565392
596			9.246543340746644
597			9.010857481119828
598			8.76993860763325
599			8.526669582881688
600			8.29326726165076
601			8.082960148166244
602			7.90610341018842
603			7.758341906759201
604			7.6306255074877765
605			7.5142131493736475
606			7.405643485567298
607			7.305864682902854
608			7.215954879316524
609			7.136105357725155
610			7.0646363133134615
611			6.999630649483352
612			6.939405225037889
613			6.883658700080319
614			6.83259524019951
615			6.786422178531279
616			6.74539684239456
617			6.709823662490896
618			6.680001787482557
619			6.6540906972490355
620			6.6251211215675045
621			6.58537128220039
622			6.528840542906216
623			6.461218227385054
624			6.393055468955211
625			6.334596430839188
626			6.287862158843652
627			6.2461818892672705
628			6.202473895421241
629			6.153313918303779
630			6.1052018553744904
631			6.066304680323062
632			6.043494559296386
633			6.033566244037035
634			6.028591034676401
635			6.020713073563678
636			6.005229809727864
637			5.981155858381661
638			5.947720163261672
639			5.905326793590097
640			5.857971968853641
641			5.810335901902324
642			5.766294957881319
643			5.722586041834122
644			5.672208483932201
645			5.608272710832181
646			5.529552621607484
647			5.442220248405919
648			5.352946041759317
649			5.267040805899894
650			5.185162181899737
651			5.106973209881767
652			5.031985722783394
653			4.958186740516031
654			4.8826799281701465
655			4.802635005878727
656			4.719016247575126
657			4.638242387210578
658			4.567154755372814
659			4.510760699419747
660			4.467095257954258
661			4.43253683514359
662			4.40357756260903
663			4.378003560457998
664			4.354422631113494
665			4.331468598968118
666			4.308576506846565
667			4.286438978190813
668			4.265858670478412
669			4.247664005955395
670			4.232791193433132
671			4.222204623951313
672			4.216817333103394
673			4.216888234805095
674			4.222225424302352
675			4.232594985947506
676			4.245183783717674
677			4.252795940198343
678			4.2478096851819185
679			4.224915220033295
680			4.189334072202161
681			4.149284776972527
682			4.112352782205639
683			4.077181294322008
684			4.035792963467588
685			3.980105616306837
686			3.9069852819046718
687			3.82231480773908
688			3.7329347475491703
689			3.645383646897709
690			3.564719025163765
691			3.495545143018223
692			3.4419086787963957
693			3.399234002548492
694			3.356161318830313
695			3.3011952073662445
696			3.2285077727893845
697			3.143230685441968
698			3.051748180484285
699			2.95983780120662
700			2.870112956453788
701			2.7841588724108273
702			2.703508350265366
703			2.628827787842096
704			2.560067289464248
705			2.497137489630432
706			2.437393090249137
707			2.373003848785939
708			2.2955117661070266
709			2.1984146309782377
710			2.0859160734171875
711			1.9658642747659523
712			1.8459072083573902
713			1.7300890155208652
714			1.6193604603946072
715			1.514563720948429
716			1.4152032163524242
717			1.3179719628798536
718			1.2192080633652664
719			1.1169030554572446
720			1.0184136142829125
721			0.9343898889743536
722			0.8747446246013723
723			0.8357087117788635
724			0.8014733380622248
725			0.7558736272655445
726			0.692587785379922
727			0.6264362704870232
728			0.5749774588571949
729			0.5522032575865109
730			0.5515203536252242
731			0.5589659178148522
732			0.5609750370712665
733			0.5516463425384878
734			0.5319002619797608
735			0.5029095044030942
736			0.4684520465530701
737			0.4379431018458059
738			0.4215341662281139
739			0.42669330567374114
740			0.4453601372578803
741			0.46390154632182395
742			0.4692434071242961
743			0.458920009650062
744			0.4398844184699586
745			0.419404560464708
746			0.40253797249971535
747			0.3895972924071892
748			0.3802811255314175
749			0.37449932031535765
750			0.3733664325121259
751			0.37842343635401704
752			0.390846517522798
753			0.4051610989984559
754			0.41008978694179904
755			0.39421414381377917
756			0.3548071991363284
757			0.3073567232475172
758			0.26964238345352604
759			0.2560667311226729
760			0.2623897144731617
761			0.2779735334643298
762			0.2925310679790291
763			0.3019272926585035
764			0.30722024964157596
765			0.3096367372955502
766			0.3112120201322353
767			0.31560811248132736
768			0.32668207939871396
769			0.3464757953822234
770			0.3675108083202282
771			0.3791981801868164
772			0.3718669492014956
773			0.35053222014811214
774			0.3320066340503881
775			0.3333421522427455
776			0.3610888776971798
777			0.40185370693367495
778			0.440014165642781
779			0.46249639909494006
780			0.4686844692568993
781			0.46176305189495553
782			0.44513609873627447
783			0.4253582102833451
784			0.41135114004800294
785			0.41200453918792956
786			0.42840185530866226
787			0.44787941404678133
788			0.4563749939421446
789			0.44409242942753274
790			0.42028750634814466
791			0.3995324841041187
792			0.39537976559776516
793			0.4083710265565867
794			0.43007233305735365
795			0.4519012869965655
796			0.46722553262680633
797			0.4725409235778018
798			0.46462514444533887
799			0.4429713526691885
800			0.41792519675477435
801			0.40254309992985343
802			0.40838610757563587
803			0.4304993799175593
804			0.45367079981849306
805			0.4627376716197204
806			0.4525329613498531
807			0.43223268923716374
808			0.4121211716032707
809			0.39953025954102045
810			0.39145757692404715
811			0.3826410022779938
812			0.36841649584742714
813			0.3497318322895672
814			0.3306060365956848
815			0.3149947414185359
816			0.30341237220680123
817			0.29203799234522837
818			0.27677571664106204
819			0.25588648059425567
820			0.2347067030199966
821			0.21989506020394484
822			0.21712188275699895
823			0.22432024923262317
824			0.2357784903132108
825			0.24593537463349688
826			0.2538263256828055
827			0.26347362913727124
828			0.27913775117446554
829			0.30034431018386454
830			0.31466285929103854
831			0.3078048586507576
832			0.2692472050446711
833			0.212626205083336
834			0.16112065297353836
835			0.13690856137331364
836			0.14198277059917733
837			0.1598633575635777
838			0.1734264214686457
839			0.17140693478040292
840			0.15475815215545444
841			0.12596185230022738
842			0.08938207906746991
843			0.05909743756764207
844			0.052311450325398544
845			0.08436267679974029
846			0.14347832126503646
847			0.19742496136618823
848			0.21379360317799756
849			0.18539512213289963
850			0.14771777181511656
851			0.14037472772149287
852			0.1892454112912634
853			0.2643923701049526
854			0.32169994133546803
855			0.32106956754396204
856			0.2653973745589321
857			0.18365474182362043
858			0.10494211550032756
859			0.0483416410938854
860			0.01942461399357635
861			0.022805249675041342
862			0.05781143554116898
863			0.10725111806013302
864			0.15071409388170295
865			0.17036017018389968
866			0.16855357175534186
867			0.157210532864076
868			0.14800120691296473
869			0.1449284853705228
870			0.1439167285177175
871			0.14051753105115133
872			0.13372609022981982
873			0.13066361875712315
874			0.13962291798758733
875			0.1660957942677789
876			0.19952930602215485
877			0.2236674991190336
878			0.22323767438520895
879			0.19879624270227653
880			0.16362536433522823
881			0.13130213843552427
882			0.10977296644198895
883			0.09709237980506867
884			0.09031168121623648
885			0.08893489801776785
886			0.1025410780799791
887			0.14329582283386186
888			0.22005348674033925
889			0.30707512828722683
890			0.3580258651104413
891			0.327525977050905
892			0.21708227824701049
893			0.08860439323842861
894			0.007963180419313945
895			0.015716329768039296
896			0.07954831990596957
897			0.15410932918833464
898			0.19894858864405818
899			0.20762567587475417
900			0.18812464344314866
901			0.14845127456997453
902			0.09599852575109447
903			0.0375919869771673
904			-0.019944108940047278
905			-0.06712038925928716
906			-0.08913577368821492
907			-0.07055953878605999
908			-0.0043026678560418394
909			0.07827621492105638
910			0.13474871761219517
911			0.12692924320414417
912			0.06605119142842092
913			-0.004728535306544547
914			-0.0422416658328516
915			-0.026148493807461683
916			0.03269172348420621
917			0.12116361575897107
918			0.2142128812189137
919			0.2509430142586555
920			0.1637593682705985
921			-0.09369292686496004
922			-0.4173827453628684
923			-0.6383702400051039
924			-0.5962845291773978
925			-0.30655305687453616
926			0.0534929191664903
927			0.3012574521669832
928			0.34718035407253284
929			0.28194122295893126
930			0.21686546252205258
931			0.2369166904743129
932			0.31219043293301146
933			0.3815032714692915
934			0.3893457841128679
935			0.3401839910783362
936			0.27451012728007995
937			0.23242763904306177
938			0.222921186236624
939			0.2162536392733907
940			0.180285341518771
941			0.0939231429511874
942			-0.034759744413285054
943			-0.19293225520955876
944			-0.3649170094139985
945			-0.5179626519970962
946			-0.612980349828795
947			-0.6108708061029896
948			-0.47253472401357516
949			-0.15887280675444604
950			nan
