Nom de l'instrument : SAM_80E0
Fichier_calib_utilise: /Users/mdlemineahmedou/Documents/Stage/pipeline_LOG/data/calibration/ALL_2023/Cal_SAM_80E0.dat
Date : 2017-07-05
Heure : 12:50:23
InclX : 
InclY : 
Pressure : 
Comment : J1-5
Mission : VITEL

l_onde		data
310			nan
311			nan
312			nan
313			nan
314			nan
315			nan
316			nan
317			186.28088952003935
318			182.98096554796348
319			181.24630618592116
320			180.83219815223654
321			181.49392816523365
322			182.98678294323653
323			185.0660492045693
324			187.49148505133493
325			190.135031605774
326			192.98626187056323
327			196.03998645629795
328			199.1616993617033
329			201.8906889453351
330			203.71560476881317
331			204.25759150222373
332			204.02585870955065
333			203.89458249290047
334			204.70934517035127
335			206.64548621552154
336			209.21535057040887
337			211.90356461231198
338			214.35335261514945
339			216.5855471384038
340			218.6759704230314
341			220.72139337592483
342			222.95116498715905
343			225.646345996216
344			229.07464624434314
345			233.2219216824357
346			237.80686681626995
347			242.53771842331108
348			247.13926935013606
349			251.3741589008825
350			255.01029094675636
351			257.8507840339188
352			259.913110944764
353			261.2953996209652
354			262.10079818684716
355			262.5297079779676
356			262.8721849834746
357			263.42179262322946
358			264.5051258844061
359			266.5224399115851
360			269.8839507217574
361			274.89395056551166
362			281.2258380829218
363			288.32038873390667
364			295.6139859721314
365			302.4645385649458
366			308.15859957699485
367			311.98226007587397
368			313.6536153637054
369			313.8446398774643
370			313.3548415642902
371			312.9419708029069
372			313.11647176168276
373			314.29808438742674
374			316.87084983969885
375			320.5260571821324
376			324.3253715392644
377			327.3092043291697
378			328.8570037823855
379			329.0998834542685
380			328.26992687650863
381			326.6947578709643
382			325.27319497535115
383			325.1154098580026
384			327.28557737908125
385			331.92663137326304
386			338.3340570853907
387			345.7720090683302
388			353.5529752469978
389			361.0984648171632
390			367.8449233904368
391			373.46630802877024
392			379.09056727667314
393			386.39563844195766
394			397.0227868034822
395			411.83264965495795
396			430.9504912599656
397			454.47059123358105
398			481.8858182100764
399			511.2916677248102
400			540.5856421548788
401			567.8024763854877
402			591.8487838822804
403			611.9724643188989
404			627.4743475931492
405			638.8020463107306
406			647.5216031999261
407			655.2440113406575
408			663.099668828358
409			671.0551416627643
410			678.9042781560626
411			686.4387433495172
412			693.4356218380173
413			699.6660257775582
414			704.9014345313733
415			708.9225112587899
416			711.5192863919337
417			712.482687194332
418			711.8065645479962
419			710.0026508654914
420			707.6641025237798
421			705.2655313690685
422			702.4391906650528
423			698.4526032068119
424			692.5988144264753
425			684.8826714074057
426			676.0754658466793
427			666.986470318772
428			658.4558475560551
429			651.4077174833541
430			646.7803284780821
431			645.3857284654156
432			647.070550046329
433			651.2355823101975
434			657.2757435904425
435			664.4824467147854
436			672.0284272267676
437			679.0801543647342
438			685.0971068036721
439			690.395309454519
440			695.4464720252952
441			700.6901092084478
442			706.2975585431365
443			712.3070167897789
444			718.7512491892188
445			725.5086366288746
446			732.267563914593
447			738.7047522120167
448			744.5649446149757
449			749.8087395470836
450			754.4394534668852
451			758.4568351200093
452			761.8279090949582
453			764.5021145837297
454			766.432802291544
455			767.7408448569236
456			768.770025369646
457			769.8795599535308
458			771.328536172754
459			773.0281805233375
460			774.8142261044587
461			776.5224626234352
462			777.989257972813
463			779.0513183359838
464			779.5482107440047
465			779.463239358265
466			778.9879046911815
467			778.3300129971575
468			777.6958979153633
469			777.2862496259639
470			777.3004066264634
471			777.9260845554822
472			779.2172912045082
473			781.142435085328
474			783.6674087120304
475			786.6865623866286
476			789.9807431679548
477			793.3207224997357
478			796.4653633173186
479			799.1228714565552
480			800.987985357208
481			801.7743043082837
482			801.4427056917328
483			800.1279997198785
484			797.970977671816
485			795.312989008826
486			792.8458998409163
487			791.2968916428729
488			791.3215264955174
489			793.2353862949001
490			797.2532746609218
491			803.5418380474035
492			811.5394038950286
493			820.1195279221233
494			828.1438115331171
495			834.8099667062785
496			839.9662026663522
497			843.5351494683607
498			845.4902954821081
499			846.0758879155873
500			845.6259205755825
501			844.4767381868841
502			843.0052452986888
503			841.6231153084045
504			840.7421922539484
505			840.6011171475063
506			841.0655605402677
507			841.9527511008072
508			843.0484195980208
509			843.949344773894
510			844.1821678526777
511			843.2826705857236
512			840.9809739570305
513			837.191755729662
514			831.837756507204
515			825.076179291759
516			817.6283525988996
517			810.2987237808362
518			803.8355241583724
519			798.6052532558331
520			794.8156820319084
521			792.6594053279941
522			791.9578649700727
523			792.141393880235
524			792.6218595311849
525			792.9251416675509
526			792.8847223922007
527			792.3854411089972
528			791.3425716281214
529			789.9063623186586
530			788.336441171524
531			786.8858042543831
532			785.5822095476515
533			784.1897554983544
534			782.4576034329781
535			780.2130912972489
536			777.5207239129023
537			774.4898122863176
538			771.2415183970124
539			768.0014907743029
540			765.0497503927094
541			762.6637858215195
542			761.0040671259273
543			760.0788059188783
544			759.8860119936666
545			760.4139581046525
546			761.6176442030353
547			763.4449692074181
548			765.8367641619762
549			768.6623940376071
550			771.7497354357293
551			774.9268237050643
552			778.0552639782322
553			781.0452181711769
554			783.8106436674316
555			786.2593253709977
556			788.275282807533
557			789.736816700903
558			790.5362349193462
559			790.7289494705954
560			790.4757297048628
561			789.9395104033387
562			789.3099909150219
563			788.8198885954929
564			788.7058064248282
565			789.0827975432411
566			789.5393627708962
567			789.5214531603555
568			788.5127471265532
569			786.5048644886381
570			783.8533696279696
571			780.9216323079249
572			778.0623193348364
573			775.6090018336515
574			773.893275885713
575			773.1416407187103
576			773.0695751635444
577			773.2374624439677
578			773.2283050261149
579			772.9789839209194
580			772.7066248355926
581			772.6346022442282
582			772.8019560583092
583			772.8832790408762
584			772.5103780079809
585			771.3397683076322
586			769.1624406348643
587			765.8149128583335
588			761.1494710546629
589			755.3044094342221
590			748.6673384730377
591			741.6348670965796
592			734.7289215305015
593			728.7453007582578
594			724.515988952621
595			722.7547776619266
596			723.4578391817694
597			726.3519644920227
598			731.1550108347117
599			737.4055729030446
600			744.4710259603437
601			751.7121947325146
602			758.5801476165568
603			764.743217069132
604			769.9017695023431
605			773.7867734836069
606			776.3356568054377
607			777.5711964133986
608			777.518046812483
609			776.2406517792517
610			773.8448815080683
611			770.4386028989545
612			766.1625229928967
613			761.2440635795451
614			755.9247931379667
615			750.4376982984097
616			744.9517407065023
617			739.606949441197
618			734.5393170271624
619			729.7723169730327
620			725.2024614862974
621			720.7194612585076
622			716.2080844412901
623			711.5388642995562
624			706.5797868830343
625			701.2178568982691
626			695.4960708274846
627			689.5338720648917
628			683.4540474185242
629			677.4741019983576
630			671.9266213693425
631			667.151100568499
632			663.4214199680445
633			660.8067203812438
634			659.3363203523186
635			659.0239585735839
636			659.7438704376104
637			661.2967742235022
638			663.4827615493899
639			666.1032115786019
640			668.9611757781809
641			671.8598138071443
642			674.5817431812186
643			676.8406860128418
644			678.335937116408
645			678.7958113887522
646			678.2299223392909
647			676.8058679248403
648			674.6937974458465
649			672.0993670041844
650			669.2771386271077
651			666.4852360229324
652			663.9328425778704
653			661.6543299352728
654			659.6450543475855
655			657.9132550519629
656			656.6010210049873
657			655.9297941415361
658			656.1218695376172
659			657.3901115984261
660			659.9337316397441
661			663.9508716207512
662			669.5353062779375
663			676.3878627672141
664			684.1169055894912
665			692.3223783487748
666			700.5115282584508
667			708.1341768853504
668			714.6451401440927
669			719.8249261963089
670			723.9448268990428
671			727.3167527705152
672			730.2109721891484
673			732.7343711476728
674			734.9537714071865
675			736.9379463899393
676			738.7781315795517
677			740.5799475156656
678			742.44815490717
679			744.421615867001
680			746.4369297134568
681			748.4218849284933
682			750.2181772084333
683			751.319852785872
684			751.1332181600792
685			749.0973289017762
686			745.0394815911154
687			739.0410748774245
688			731.1909506819015
689			721.7701859708062
690			711.3635320536625
691			700.5825417246907
692			690.0595748140533
693			680.5123178378749
694			672.6803267801729
695			667.2422952806493
696			664.1458486737374
697			662.8555298403535
698			662.8286154613342
699			663.6066748457976
700			664.8651512840974
701			666.2913889017104
702			667.6367335111287
703			668.9152969895854
704			670.2086169377857
705			671.6044415448061
706			673.264773639251
707			675.4005174784234
708			678.220596666661
709			681.7556360163098
710			685.7553139446612
711			689.9445977051591
712			693.9593428986243
713			697.0746388224245
714			698.4742902196903
715			697.3525924902942
716			693.0263642425903
717			684.8917424632585
718			672.3585749238495
719			655.5684219848871
720			635.7907852360523
721			614.3914708866946
722			592.6962047100355
723			571.8732574840744
724			553.0522401557074
725			537.2850627197909
726			524.7542470924845
727			515.0971015057942
728			507.9424883047878
729			502.9172158763123
730			499.6450404771064
731			497.7494723088082
732			497.0316914769269
733			497.9587806621787
734			501.1538008841201
735			507.1625590729465
736			515.7189593849627
737			526.0713111707777
738			537.463259179216
739			549.2267164194172
740			560.8181028069429
741			571.7032373680387
742			581.4674754740068
743			590.1161121635406
744			597.746609822174
745			604.4568887958469
746			610.3493018887949
747			615.5286883324941
748			620.0965720661044
749			624.0202702051405
750			627.0902575184193
751			629.0849689048392
752			629.898093100164
753			629.7959901844619
754			629.1202060040597
755			628.1407757027827
756			626.5025919905006
757			623.5275029458654
758			618.5285753074472
759			610.61620168969
760			598.6554116296173
761			581.4970608569008
762			558.6055077933411
763			531.2376629030072
764			500.97608070765625
765			469.52982160102476
766			439.5879430699181
767			414.29700497197473
768			396.74631887492677
769			388.400688440015
770			388.9490656559807
771			397.98892008361753
772			414.50151247455193
773			435.87072365735236
774			459.22498333754896
775			481.8997952309037
776			502.62566694467984
777			520.7090377480021
778			535.4835949620532
779			546.8364590422724
780			555.1911877310426
781			560.9933711309535
782			564.6879745688432
783			566.718552132549
784			567.5284642526292
785			567.5115984861236
786			566.777429920744
787			565.3339970988982
788			563.1901671137266
789			560.3712312531478
790			556.9163254375105
791			552.8655251711856
792			548.3192425305687
793			543.4945615926384
794			538.6219003160652
795			533.9097291427131
796			529.4609394217248
797			525.3467145825911
798			521.6390839592253
799			518.4215761751198
800			515.7859734541325
801			513.8222132572831
802			512.4813610013902
803			511.4886064670908
804			510.54841224502525
805			509.45228744131015
806			508.3347037567959
807			507.414587206028
808			506.88522355061434
809			506.6711241227822
810			506.53636418071756
811			506.2400766500861
812			505.42402662666615
813			503.57227172959233
814			500.15781791916527
815			494.7347759012636
816			487.11311918953527
817			477.15315189146776
818			464.8077365905353
819			450.77633758629497
820			436.11918826061066
821			421.8911533944129
822			408.93926662246105
823			397.8842549052148
824			389.3348096590053
825			383.67571757130617
826			380.7366294843483
827			380.26263836382503
828			381.95427408361707
829			385.23860350033
830			389.4390217346958
831			393.9000076691254
832			398.3469772877237
833			402.8342617258157
834			407.42687232884583
835			412.17522719798075
836			417.1017504436541
837			422.2256979223768
838			427.60441114634176
839			433.4702603199126
840			440.1058642850573
841			447.76464740959494
842			456.34461591966857
843			465.50664968493896
844			474.9087724096876
845			484.28429122820796
846			493.4765390590011
847			502.3375759004185
848			510.7233147489563
849			518.5026354252423
850			525.5471425993798
851			531.7333176947094
852			536.9785372288951
853			541.2205946307353
854			544.4009668217003
855			546.5571422165863
856			547.8316115954594
857			548.372495007138
858			548.420663147057
859			548.4413994917106
860			548.9332589485797
861			550.3303486831019
862			552.6937844815476
863			555.9508103426153
864			560.0239383758258
865			564.7634420186646
866			569.961849757041
867			575.4086666927996
868			580.7793725373599
869			585.5532846935411
870			589.190352590112
871			591.3634998973289
872			592.5861286895615
873			593.5789441617582
874			595.0071195496066
875			596.9927611907293
876			599.3508391933811
877			601.8957949527322
878			604.5401381397082
879			607.3147867384959
880			610.257561156778
881			613.3184847868317
882			616.2161433832258
883			618.631434598873
884			620.304967779979
885			621.3473506167671
886			622.010726046686
887			622.5364161620338
888			622.9793111191499
889			623.2396681134481
890			623.2133623688227
891			622.8213391518141
892			622.0283790581676
893			620.8036817875395
894			619.0588179060113
895			616.4793927109811
896			612.6956356223988
897			607.3235086704544
898			599.8443228889441
899			589.6653541956423
900			576.2121578094669
901			559.4815465160661
902			540.1271385767692
903			518.8394239614472
904			496.5107614276461
905			474.52600107621925
906			454.3436840311639
907			437.2531604470769
908			423.60423745274596
909			413.42246016803983
910			406.68196568268996
911			402.6377749434079
912			400.0137266488203
913			397.5290832526466
914			394.3486527032052
915			390.31344314151914
916			385.32101029585596
917			379.38617194256636
918			372.9065300141594
919			366.35766603064206
920			360.2102367159377
921			354.89805188372935
922			350.8382288724792
923			348.4370932703202
924			347.8819231125918
925			349.15510262984054
926			352.22922908663367
927			356.8593722153219
928			362.38540315059265
929			368.10048885935686
930			373.2159630304881
931			376.6042132457617
932			377.04988504838013
933			373.41050601756984
934			365.24144356060384
935			352.4861942749085
936			335.11443341190113
937			313.72251821638935
938			289.6088594394475
939			264.10867564729455
940			238.47992916094748
941			213.80457930197926
942			191.14019743628674
943			171.4385373645752
944			155.12888776807188
945			142.47957158829763
946			133.75886667535005
947			129.23505087932674
948			129.17640205032518
949			nan
950			nan
