Nom de l'instrument : SAM_839E
Fichier_calib_utilise: /Users/mdlemineahmedou/Documents/Stage/pipeline_LOG/data/calibration/ALL_2023/Cal_SAM_839e.dat
Date : 2017-07-05
Heure : 15:47:34
InclX : -9
InclY : 8.16
Pressure : +INF
Comment : 
Mission : VITEL

l_onde		data
310			nan
311			nan
312			nan
313			nan
314			nan
315			nan
316			nan
317			0.1535924749970581
318			0.7120937571226498
319			0.954575290593342
320			0.9731476522897465
321			0.8599214190924758
322			0.7070071678821412
323			0.6065154755393546
324			0.6457752158759433
325			0.813440869275853
326			1.0053920758242563
327			1.1141345036226031
328			1.0831017717016225
329			0.9708272499292578
330			0.8516488972809799
331			0.7891350507896294
332			0.7822921772274681
333			0.8061770299422345
334			0.8366724518062435
335			0.866498448663022
336			0.9036655710393182
337			0.9567076474403918
338			1.0279235618169773
339			1.1059585803839649
340			1.177649785498397
341			1.2278457433290892
342			1.229810118587037
343			1.1526226227908558
344			0.9696737431808438
345			0.7357026460750585
346			0.5779305778447671
347			0.6256527021451809
348			0.9237488920392077
349			1.3349860250392123
350			1.6984271962453954
351			1.8779463986247067
352			1.88043572166244
353			1.763924601243337
354			1.586359662729028
355			1.4029334930715958
356			1.2663949283697933
357			1.2292207729512432
358			1.3095562992170149
359			1.4514279843833073
360			1.5892068865538163
361			1.6697086710821418
362			1.7119418654215226
363			1.7608835239948952
364			1.8588189663413341
365			1.9961531272459727
366			2.1167908412498364
367			2.163188922221874
368			2.116617247065247
369			2.0434580334518095
370			2.0213831097067723
371			2.1128746939342373
372			2.290291590797656
373			2.4928817210961047
374			2.661271518688834
375			2.7643835163275097
376			2.797103990422878
377			2.7553539483344616
378			2.65142002345449
379			2.5345620117259835
380			2.4591143846169503
381			2.4706360797784144
382			2.5606059310659375
383			2.6999199808179384
384			2.8595483603540206
385			3.012867479309332
386			3.1355428713320777
387			3.2034017527602052
388			3.2119081246322487
389			3.202855316317365
390			3.224714942208629
391			3.317125316890315
392			3.4623411263013417
393			3.619693259043256
394			3.750750355059033
395			3.869750375819126
396			4.043499951779399
397			4.3409655368481435
398			4.786871865934213
399			5.295509079971711
400			5.764220388018239
401			6.102868131754184
402			6.308283346681477
403			6.414204196502878
404			6.454708886479057
405			6.469140498845007
406			6.502417171509812
407			6.59968595194141
408			6.783516418871075
409			7.016100099889322
410			7.249642828396886
411			7.441970866826989
412			7.593252801835366
413			7.72295434865762
414			7.849965455160078
415			7.973471670380339
416			8.070288549830595
417			8.116041054037519
418			8.106685863040347
419			8.097138562605283
420			8.152941041284299
421			8.328269972403428
422			8.583144327702442
423			8.83104881342271
424			8.98697438271807
425			9.029169890284376
426			9.013641700453691
427			9.001167057498513
428			9.041030808297512
429			9.145959944307041
430			9.321428523068935
431			9.570499635347112
432			9.873958336800243
433			10.200546376678897
434			10.51923156941366
435			10.813420252258952
436			11.08591543825064
437			11.340883289563207
438			11.587673246900238
439			11.853920514060553
440			12.17129062898694
441			12.567631753809017
442			13.030870170975435
443			13.52514498286025
444			14.014412148177092
445			14.469740408700742
446			14.87273464974131
447			15.205851289903629
448			15.462012109435777
449			15.675492905996103
450			15.89078265828381
451			16.148518064585087
452			16.443026416116126
453			16.73801670753209
454			16.99693936446013
455			17.203594562866986
456			17.375305876230552
457			17.532525291987263
458			17.6953649432336
459			17.882419814259222
460			18.111861698784793
461			18.399138351872963
462			18.721413123539882
463			19.027594620927715
464			19.266238996233763
465			19.417146964188756
466			19.51783626756937
467			19.612060139861143
468			19.737606014890094
469			19.90193057786513
470			20.102875265600836
471			20.338017806603172
472			20.600584553020106
473			20.88019812383526
474			21.166366927215005
475			21.447710891185707
476			21.710994617440928
477			21.94275024078596
478			22.13292724384738
479			22.29142543479467
480			22.435363813350715
481			22.580904995360314
482			22.72450287113464
483			22.844206970174618
484			22.91741430735122
485			22.93672071482629
486			22.93088282262952
487			22.9339189436662
488			22.978935737265413
489			23.092875656663356
490			23.30012780503469
491			23.623042442779305
492			24.032198913701297
493			24.443424476448833
494			24.76997214991084
495			24.96060396843287
496			25.06106698357936
497			25.133514697472307
498			25.233771262872096
499			25.36763133586695
500			25.517127456432345
501			25.664634353799972
502			25.80852005805834
503			25.966388266608725
504			26.156979825655277
505			26.387949709496876
506			26.631949362074756
507			26.854738491949142
508			27.02450257291716
509			27.132073239844676
510			27.180625864528515
511			27.17378698640016
512			27.129628652356075
513			27.086060164281346
514			27.082429959137638
515			27.147307898486698
516			27.269687660451392
517			27.429481911005933
518			27.60802355778158
519			27.80248801767915
520			28.019963267689644
521			28.26767107272099
522			28.551700765050434
523			28.87635924183706
524			29.245796853029518
525			29.659225567369496
526			30.094691385985023
527			30.524570819558022
528			30.922075018333
529			31.271689895235802
530			31.565998501577123
531			31.797886074311393
532			31.97212320956316
533			32.11500296683497
534			32.255086467226086
535			32.415203447934736
536			32.58944044894479
537			32.76289257338065
538			32.921259853056405
539			33.06034358406145
540			33.184268668335505
541			33.297469799226185
542			33.414248875639736
543			33.569538281359875
544			33.80085914169996
545			34.13392526415259
546			34.52496261666767
547			34.90486156782738
548			35.20679667220287
549			35.41226034442656
550			35.54840538308295
551			35.64416082995355
552			35.72439722408117
553			35.80415525038145
554			35.8970165395012
555			36.01421959720472
556			36.15076307064918
557			36.29476802126321
558			36.43473484607307
559			36.56994162710329
560			36.711339676743066
561			36.87045493117351
562			37.051408484232894
563			37.23748829184616
564			37.408345295486804
565			37.54604328811524
566			37.65242457678445
567			37.739019468643555
568			37.81716784389491
569			37.889188228509994
570			37.94620834617732
571			37.97866072777496
572			37.98438441006554
573			37.985466383505845
574			38.00894807009366
575			38.0777653829701
576			38.174854195446656
577			38.26059430166506
578			38.29553220438714
579			38.26033233092421
580			38.16421668238624
581			38.01858068185655
582			37.828340974416854
583			37.57372973713603
584			37.22910121402324
585			36.772195760986534
586			36.22018910554333
587			35.61573329530613
588			35.00177153998358
589			34.412054330673314
590			33.86541608289212
591			33.37932680977093
592			32.96348266060901
593			32.59318972293925
594			32.23424748100209
595			31.854881865760813
596			31.45731732363392
597			31.068815613045896
598			30.717016361168746
599			30.408654173627333
600			30.111746474109797
601			29.790114388018456
602			29.417012774277648
603			29.01399335301915
604			28.618022425900115
605			28.26564800266696
606			27.98620560960297
607			27.803007050576458
608			27.73898766773556
609			27.785180636573024
610			27.865311904958286
611			27.89457150244785
612			27.80311583594669
613			27.609496620090994
614			27.364603296335012
615			27.118586861399624
616			26.9053066835868
617			26.743272529330294
618			26.650336171815425
619			26.6263240998507
620			26.62785649861682
621			26.605214174475286
622			26.51498523571259
623			26.35659685154656
624			26.147292792749973
625			25.904871076617614
626			25.659760365209152
627			25.45573987277856
628			25.33718727687028
629			25.322002133047665
630			25.356238379132755
631			25.373881207151566
632			25.31840927090223
633			25.20718830411307
634			25.09221614282946
635			25.024339230102072
636			25.011804439442038
637			25.012641619690623
638			24.982000693233736
639			24.886428803489835
640			24.727312377893064
641			24.51267170863676
642			24.253692424836817
643			23.9896734369317
644			23.77463122396384
645			23.66116532003156
646			23.64101648628231
647			23.626426323648918
648			23.524282581771107
649			23.273111246846984
650			22.9197149038097
651			22.534039965600968
652			22.18138869646797
653			21.880230543818577
654			21.62190376334835
655			21.397435833714706
656			21.198894904238436
657			21.019845030432094
658			20.85396618643039
659			20.698732516843382
660			20.56604257736282
661			20.471222192459134
662			20.42708221916698
663			20.417818270010546
664			20.409455285501
665			20.367969540904337
666			20.27432231469987
667			20.132995125086737
668			19.95052743140802
669			19.738370331607445
670			19.528522698214097
671			19.358355892184154
672			19.261582204101128
673			19.22530768397338
674			19.204517502628438
675			19.153871667528623
676			19.05222667467904
677			18.919554914208234
678			18.779824212302632
679			18.6517706773562
680			18.53029927437378
681			18.403533094656638
682			18.258529480286946
683			18.067304185326286
684			17.790736641851563
685			17.389968740657665
686			16.877081524102458
687			16.356979456584252
688			15.944426086758552
689			15.725756383896318
690			15.647893626684633
691			15.615095026541516
692			15.535347092711065
693			15.374485853772777
694			15.14386423470628
695			14.85616062036076
696			14.535527232438328
697			14.228303803230075
698			13.98336586762198
699			13.834276090105469
700			13.734734550770524
701			13.612490054291383
702			13.399328570166704
703			13.094688722892887
704			12.753940541673174
705			12.433902026741276
706			12.158350497321624
707			11.884037210976555
708			11.55959838122071
709			11.1443646595739
710			10.656207276307267
711			10.13292622196452
712			9.610984663698435
713			9.102847757809311
714			8.600381781589867
715			8.094832218675743
716			7.58529338662297
717			7.087354530492597
718			6.618687226358683
719			6.192660030447852
720			5.798268979367575
721			5.415938931781041
722			5.027569848977857
723			4.642471276784459
724			4.294072536595371
725			4.016508387082887
726			3.822779874255178
727			3.6804943074108007
728			3.55138051436691
729			3.402385967306097
730			3.2305795099624417
731			3.043813447762119
732			2.850451066793518
733			2.6682129589033283
734			2.5231492348770916
735			2.4414912558956656
736			2.4291772885980643
737			2.4482357261295826
738			2.4549598693088623
739			2.4144696742150713
740			2.342963107732216
741			2.2749686250999765
742			2.2433384203864843
743			2.2490735839148788
744			2.2648959252712904
745			2.262624040422946
746			2.2282545341170885
747			2.178219011117596
748			2.132887638136521
749			2.1089708547592947
750			2.102307886077695
751			2.1013503772560584
752			2.0947398379692372
753			2.074731021307687
754			2.03673124956392
755			1.9762860050834539
756			1.894185258645133
757			1.8022098755288112
758			1.7135236667305584
759			1.639619300747271
760			1.5827642826545671
761			1.5420602359856088
762			1.5168629397483089
763			1.510964085424035
764			1.5318997790054178
765			1.5872570220511752
766			1.675438661178528
767			1.7763677062421237
768			1.867751395783275
769			1.9317764455800932
770			1.9741235710597027
771			2.008149459070826
772			2.0465200420662306
773			2.0908024377837497
774			2.133647920617773
775			2.16750257714294
776			2.190031544174995
777			2.2088110231098446
778			2.2325251333864036
779			2.2678523980678627
780			2.311667777232832
781			2.3578553972858605
782			2.400293108278443
783			2.4327787414414974
784			2.4490500080733666
785			2.4429361097327384
786			2.416353470834577
787			2.385460527067665
788			2.3678646081921007
789			2.376834759809277
790			2.4062655089771225
791			2.444644896391808
792			2.480910455742805
793			2.5097358206411875
794			2.529751743552514
795			2.5397091934726306
796			2.5411106498411153
797			2.5398724966183974
798			2.5423087813560796
799			2.553670491862897
800			2.5749600570318663
801			2.6061186852449314
802			2.6467372725269946
803			2.6925376468470392
804			2.7368387311035747
805			2.7728824284433258
806			2.7918971993970985
807			2.7822223594374345
808			2.731974397622513
809			2.6352571584922053
810			2.5071314453295575
811			2.3672406382299296
812			2.234288934886468
813			2.1181681630868723
814			2.0239472908402147
815			1.9564248467308865
816			1.9123630891492054
817			1.8783998815075789
818			1.8405306797106875
819			1.7897885141702665
820			1.7323298714371513
821			1.6771374906259031
822			1.632105940839172
823			1.5966110655165968
824			1.5660158354404423
825			1.5359185308462144
826			1.5088428401455263
827			1.4948257537607261
828			1.5042516879268304
829			1.5357898454261172
830			1.5585270933692335
831			1.53695290593211
832			1.442601959089151
833			1.2922116328947373
834			1.120373478761486
835			0.9612696979128127
836			0.8401512533536366
837			0.7740955513946756
838			0.779747592144283
839			0.8529307689760639
840			0.946046428858481
841			1.006063760524701
842			0.9927717987241809
843			0.932124103264438
844			0.871357611665155
845			0.8548825530167425
846			0.8859024165204646
847			0.9365224407092699
848			0.9783212896216427
849			1.0012159750259482
850			1.0261558899312644
851			1.0770898184743398
852			1.1660063096767355
853			1.2562849938372405
854			1.2989582050036426
855			1.2497333158888255
856			1.1143541709817053
857			0.928910545765368
858			0.7299261297089658
859			0.5542807846301793
860			0.43933471241441036
861			0.4224709163376963
862			0.5162251716115326
863			0.6554848868745257
864			0.7600112619142071
865			0.7616504371025407
866			0.6872556291184019
867			0.6085963947691888
868			0.5952406913883675
869			0.654260893632307
870			0.7268815522452786
871			0.7513284643400475
872			0.7048920014398863
873			0.6570448729648874
874			0.6905504080309918
875			0.8646072461346771
876			1.1034300286815184
877			1.2832541181424932
878			1.2870676169689372
879			1.1067381085572836
880			0.8216663972307661
881			0.5135902206988328
882			0.2521283811823765
883			0.08560943582638918
884			0.060202695225834005
885			0.19517171122620167
886			0.3992596510734469
887			0.5528358545342141
888			0.5496929679871752
889			0.42385988148886977
890			0.2928584654214806
891			0.27273555128832666
892			0.38093466325242553
893			0.5078710226291581
894			0.5356394947504094
895			0.4097953443961303
896			0.2585878012351482
897			0.24294323308938115
898			0.48994859473150937
899			0.8917698792142226
900			1.24093835452418
901			1.3375662994752173
902			1.1413820505458416
903			0.7598894917493516
904			0.3061066753160988
905			-0.11427416935650934
906			-0.41016140776998555
907			-0.492194141625596
908			-0.31049015281370496
909			0.0028721583054676075
910			0.2634246545622914
911			0.30431303188164166
912			0.16385129318653505
913			0.012887313576761766
914			0.021289168845659207
915			0.21927926670915462
916			0.4462313937524311
917			0.5278267440051526
918			0.37535729198249773
919			0.1571295564651494
920			0.08948057540497208
921			0.3457386398867898
922			0.7947131476866505
923			1.1737788380680447
924			1.2304002680667412
925			0.9233691332074322
926			0.40610167705897515
927			-0.1608977195484092
928			-0.637890117361461
929			-0.9253658266117557
930			-0.9284232703284834
931			-0.603813910440158
932			-0.13336068192256692
933			0.2398258064776029
934			0.29929965093968947
935			0.1104476881769715
936			-0.09205117404248106
937			-0.07687381525099643
938			0.1870091397848547
939			0.4813971599999757
940			0.5727320535199468
941			0.35462799894001235
942			0.05647550019025994
943			-0.03756038337296954
944			0.2975433000718067
945			0.932038162215987
946			1.6044926186584803
947			2.053257665658344
948			2.0166842994746355
949			1.2331235163664112
950			nan
