Nom de l'instrument : SAM_839E
Fichier_calib_utilise: /Users/mdlemineahmedou/Documents/Stage/pipeline_LOG/data/calibration/ALL_2023/Cal_SAM_839e.dat
Date : 2017-07-03
Heure : 21:40:48
InclX : -7
InclY : 10.88
Pressure : +INF
Comment : 
Mission : VITEL

l_onde		data
310			nan
311			nan
312			nan
313			nan
314			nan
315			nan
316			nan
317			-0.004031438823789658
318			-0.001665716217806355
319			0.002790639970708545
320			0.008139955833006833
321			0.013184557460340297
322			0.01672677094396072
323			0.0175689223751199
324			0.014600362897163731
325			0.008506277502777796
326			0.0016603155652004057
327			-0.0035016454091258723
328			-0.005285428278810232
329			-0.0036731363271716765
330			0.0011229535682725153
331			0.00860174337313141
332			0.016530706210115
333			0.022035028594760645
334			0.022404044469600953
335			0.018141014419637974
336			0.012667902674858228
337			0.009501999726012032
338			0.010081376884181915
339			0.011290919201941908
340			0.009412521516841015
341			0.0017929182387315622
342			-0.008017504682477554
343			-0.014227877184005902
344			-0.011371456792924343
345			-0.00014736048754949277
346			0.013251483134379764
347			0.022456841379080154
348			0.0241882855612712
349			0.02182684884358891
350			0.019620618613506897
351			0.021018091770867435
352			0.024858665208354565
353			0.028333712600657125
354			0.028772425926081615
355			0.026122473864081248
356			0.022654987486886744
357			0.020716203281549373
358			0.021640459689850868
359			0.024577495173422
360			0.028392461425464408
361			0.03193761868909062
362			0.03399044214912579
363			0.033301506023366144
364			0.028759321425879326
365			0.02187831782351877
366			0.016526520694742475
367			0.016642649476528115
368			0.023691239636536705
369			0.03371124121683968
370			0.042021934861766176
371			0.044888951760004674
372			0.04419283619725978
373			0.04387702298197794
374			0.04768766302787294
375			0.05540275428948217
376			0.063159223680992
377			0.06696832375505318
378			0.06490966220523937
379			0.05973566710396537
380			0.05484012489207274
381			0.053136183627990066
382			0.05457500932425911
383			0.05798044288401376
384			0.06217405662370915
385			0.06597598967913708
386			0.06820501778259176
387			0.06768402514554164
388			0.0643893426697368
389			0.06101864343390503
390			0.06066187684281468
391			0.06579205171223382
392			0.07487435527123609
393			0.08477291723499146
394			0.09247690711757804
395			0.0979377623727257
396			0.10406352741718371
397			0.11388540359333328
398			0.12857762039824971
399			0.14467910073611773
400			0.15801744851017202
401			0.16512022542956012
402			0.16737750388564782
403			0.16824287242993574
404			0.17109209760850094
405			0.17712072053448816
406			0.18521560953914745
407			0.19415284929887622
408			0.20285097195712962
409			0.21060945140735265
410			0.2167907640372353
411			0.22096366091028832
412			0.2242508935323411
413			0.22848343495584864
414			0.2354377645457832
415			0.24519161435965633
416			0.2558941640236418
417			0.2655909640568796
418			0.27302859066866
419			0.2789864883434932
420			0.28461049021489354
421			0.2908963223279477
422			0.2975961145302979
423			0.3038473912294594
424			0.30880759596848933
425			0.3124705262898804
426			0.3158580379325746
427			0.32005505716784993
428			0.32597564199959417
429			0.3339903104546603
430			0.3443617443783805
431			0.35724277171406504
432			0.37177113836071396
433			0.3865358459483098
434			0.40014969347301343
435			0.41244983772375593
436			0.4249182347141964
437			0.43915236965396676
438			0.45622236477535955
439			0.4753378915525899
440			0.4952985626521313
441			0.5149982060968304
442			0.5343159482677027
443			0.5537179988609833
444			0.5736727263483087
445			0.5943471889668333
446			0.6154621150358867
447			0.6367021604279918
448			0.6577493747863804
449			0.6782755092041586
450			0.6979497713466472
451			0.7165086006834439
452			0.7344966501729047
453			0.7529929376432709
454			0.7730706924689723
455			0.7947152830950617
456			0.8161199776329936
457			0.8353108048296285
458			0.8509263958600117
459			0.8643401094976514
460			0.8776881241704115
461			0.8929700003052295
462			0.9102647468170952
463			0.9282339628668086
464			0.945513415315793
465			0.9614778249086555
466			0.9768669570103142
467			0.992568050328224
468			1.0093467723948848
469			1.0273507101908077
470			1.0465315109882516
471			1.0668279473735882
472			1.0879645084548077
473			1.1094882175419356
474			1.1309432502254635
475			1.152273247763842
476			1.1742560165695446
477			1.1977738814754693
478			1.2232718502321833
479			1.248641892791896
480			1.2708521411037872
481			1.287019036512198
482			1.2973098198716817
483			1.3047406232474184
484			1.3124343428583154
485			1.322826704455757
486			1.3367185281335863
487			1.3546727422462834
488			1.377089291190918
489			1.4032660925316525
490			1.4320445800228507
491			1.4622587280996484
492			1.49258962017031
493			1.521556644562667
494			1.5476721908093738
495			1.5699560065126708
496			1.5888135755584518
497			1.6048847996269842
498			1.6188628933090414
499			1.631862475975974
500			1.6451983183097056
501			1.660175371164315
502			1.6777356411590831
503			1.6983846099822453
504			1.7226016564214721
505			1.7503707329840483
506			1.7801114886210145
507			1.8099355814591982
508			1.8380693458805533
509			1.8638096967604931
510			1.8870370899964428
511			1.9076432565527592
512			1.9257585600508265
513			1.9418410657782752
514			1.9563726270690713
515			1.9703217572345963
516			1.9864438610652886
517			2.0079043571987976
518			2.037521817186062
519			2.0742458032731452
520			2.114605062507499
521			2.1551156079305254
522			2.193817388621685
523			2.231149010356128
524			2.2677597474548956
525			2.3042915704462033
526			2.34135514570493
527			2.37955275451336
528			2.419394944147339
529			2.4601531664203664
530			2.5002089983242533
531			2.5379345314956994
532			2.5726528998784577
533			2.605409421233482
534			2.637430899005296
535			2.6695115516881187
536			2.700276161082803
537			2.7276708665655804
538			2.7498541614277845
539			2.7685164121275028
540			2.7882583059848405
541			2.8137523251548644
542			2.8472613931853394
543			2.8860104963768607
544			2.926592453756531
545			2.9661058365293593
546			3.0046256434616265
547			3.0433120930751274
548			3.0832709693487055
549			3.124442008572444
550			3.16566303182106
551			3.2057290046946054
552			3.243536119266921
553			3.278225742134386
554			3.3089756313727547
555			3.335316529039169
556			3.35922565795293
557			3.383716326380984
558			3.4116829435119596
559			3.4427490819318662
560			3.472995695458997
561			3.4983287377106307
562			3.516391848932061
563			3.5297175601099475
564			3.541691896618214
565			3.5553105734168997
566			3.5703698710777
567			3.5850989089327334
568			3.597767099628958
569			3.6084365106653875
570			3.6193929605985526
571			3.6330606170709485
572			3.651219022259647
573			3.6735372969528215
574			3.6992533528384546
575			3.727639152824637
576			3.758298421412932
577			3.791021963937829
578			3.8255764521249107
579			3.86047275260414
580			3.8924391054424468
581			3.9180680781744286
582			3.9336799813778636
583			3.9345578130169128
584			3.9157375633381033
585			3.872972591361421
586			3.8103708837764385
587			3.737437743440907
588			3.6637307564627086
589			3.5962197091404704
590			3.5376754321453983
591			3.4904846695271763
592			3.4563822104829276
593			3.4342187227311904
594			3.42204760299604
595			3.4179201775638206
596			3.41985914835949
597			3.42586613765033
598			3.43394806363031
599			3.4427050117037923
600			3.4518356436507696
601			3.4611576886505504
602			3.47051649601512
603			3.479898818850781
604			3.4893365411535258
605			3.4988260803458235
606			3.507761633452178
607			3.5150344350253566
608			3.5195260438983476
609			3.5210763822999733
610			3.521547328645468
611			3.523057186305436
612			3.527427154177082
613			3.5347236550522596
614			3.544371160562985
615			3.555765655132486
616			3.5677329678690906
617			3.578561740507242
618			3.586521078107123
619			3.590298765378056
620			3.5895861551099175
621			3.584221847084327
622			3.574126129116156
623			3.5597741124099747
624			3.5418716570955775
625			3.5211723015393215
626			3.499624621973108
627			3.4804403459322835
628			3.466890324005495
629			3.4613314559058312
630			3.4636407311289417
631			3.4732785597470897
632			3.4896385870133555
633			3.511594831341798
634			3.537777753411182
635			3.5668103961543
636			3.5971258063208564
637			3.626933060251549
638			3.654427955369928
639			3.6770950653947194
640			3.6902448792760807
641			3.68877391120156
642			3.668429220478069
643			3.6325120746384747
644			3.5882784406524784
645			3.542943591775566
646			3.5007558195439246
647			3.4620876792010176
648			3.4270505171803105
649			3.3956694457471746
650			3.3676744550795443
651			3.3427324538131464
652			3.3204990617733894
653			3.3005160594534475
654			3.2822592779341955
655			3.265230404234457
656			3.2502474524359752
657			3.2400205835534095
658			3.2374065546302937
659			3.2441211985564102
660			3.2575428628308942
661			3.274019299792127
662			3.2899581611349524
663			3.302448632122676
664			3.309012671638066
665			3.307218326026306
666			3.2970659279545784
667			3.282373490776963
668			3.2672930619498066
669			3.255166234698868
670			3.2459440777842676
671			3.238691162337006
672			3.2325552777773754
673			3.2277442110168986
674			3.2251962960124714
675			3.2258438660827493
676			3.2290247831232897
677			3.2313675027412536
678			3.2292371940505644
679			3.219174122439182
680			3.198516139208342
681			3.164828072890006
682			3.1159190554659175
683			3.0530475650423816
684			2.980025867864778
685			2.9007317659471306
686			2.8195723102098635
687			2.741918970749929
688			2.673245651831342
689			2.6179346561222263
690			2.575015151268773
691			2.541878011758333
692			2.5159130494377857
693			2.494500115963498
694			2.475011226159911
695			2.454822897902665
696			2.431873293405421
697			2.4051866535717203
698			2.373911346847445
699			2.337627219616678
700			2.298164443798092
701			2.2580844325813634
702			2.2197989778814518
703			2.183214642571765
704			2.1461668072578366
705			2.1064306463008284
706			2.062067154420346
707			2.011717139232831
708			1.9540916080215438
709			1.8877884593154544
710			1.8107864425180604
711			1.7208535323060368
712			1.6159873230372714
713			1.4982597581057615
714			1.373240030046073
715			1.2466090251910202
716			1.1237465744986495
717			1.0093998179270216
718			0.9082360240864449
719			0.8238695907415806
720			0.7539514025309991
721			0.6940351324395141
722			0.6398286424112065
723			0.5899293348811095
724			0.5454773384625028
725			0.507694352536676
726			0.4768664874375576
727			0.4512702736604891
728			0.4289220014403085
729			0.40819954155716814
730			0.3895677630973954
731			0.37423868128067483
732			0.36332350412566516
733			0.35601873059842754
734			0.34981645823496177
735			0.3421582899660206
736			0.3321560510650798
737			0.322535567204821
738			0.31649469060477947
739			0.31668642403914105
740			0.3226108403176693
741			0.3326365127048549
742			0.3450818947190321
743			0.35735380787953336
744			0.36604967327062204
745			0.3677528146072529
746			0.36155585538242363
747			0.35193796807294414
748			0.3440753929015758
749			0.34206325253602965
750			0.34383111805954125
751			0.345126200485166
752			0.3418684425666824
753			0.333168920318178
754			0.3209229861721735
755			0.3071107376817514
756			0.2923068083019302
757			0.2741403949931737
758			0.2498700807698144
759			0.2181523277870284
760			0.18536027318363932
761			0.16051525422070276
762			0.15219430076043292
763			0.1612644888675449
764			0.18208481694442288
765			0.2088173639572612
766			0.23662142904407166
767			0.2626628613312889
768			0.2843480995111668
769			0.29972871270516943
770			0.31023985550159094
771			0.3184221692399788
772			0.32668806845448484
773			0.33539253002336833
774			0.34323776047958526
775			0.3488892565709601
776			0.3521282296407516
777			0.35485465189818866
778			0.3592053433071736
779			0.3664347351877321
780			0.3734840517002546
781			0.3759786601848583
782			0.3699588842335413
783			0.35745731314492074
784			0.3450086596886033
785			0.33921185000947945
786			0.3427178444835679
787			0.35122503472648975
788			0.35972450104342757
789			0.36429482402472374
790			0.36587129573236854
791			0.36674448032327034
792			0.36903877874483
793			0.37275850301886043
794			0.3764453958299471
795			0.3786301074989233
796			0.3790248930622101
797			0.37923750841027193
798			0.3810464815182677
799			0.3856348485763332
800			0.39180574008305824
801			0.39776782503034724
802			0.40173787410151157
803			0.4020221381103538
804			0.3969824399764544
805			0.38503481510564025
806			0.3672191547426554
807			0.34834039417704055
808			0.33349428735733405
809			0.3256071555613381
810			0.3200118656418234
811			0.3103808532506433
812			0.2912787552476795
813			0.2656417527814553
814			0.24098763043610374
815			0.22472106391989338
816			0.21843967921723906
817			0.21642516299731818
818			0.2124943357976492
819			0.20313927959795153
820			0.19288356038380888
821			0.18775165782437928
822			0.19264714001237768
823			0.2036985324390235
824			0.21290074602502107
825			0.2124275431697331
826			0.19988625744775598
827			0.17877904627630348
828			0.15290441650969494
829			0.12640210107868863
830			0.10427347016664981
831			0.09165380106493556
832			0.09248131649380713
833			0.10301381991902987
834			0.116475501568757
835			0.12632505722116202
836			0.13078960503593626
837			0.1324601564789108
838			0.13407711921428322
839			0.1365628819582043
840			0.13704847841118262
841			0.13219063850234328
842			0.12017051694079615
843			0.10703697928227669
844			0.10136972556719165
845			0.11097523924093725
846			0.1324110616095584
847			0.1537452872685857
848			0.16292083145652908
849			0.15431621519878505
850			0.13320037207237762
851			0.10589483315017366
852			0.07845299667062797
853			0.05583851246597098
854			0.04273822012940175
855			0.04324359886036478
856			0.05507404795686751
857			0.0720844516918797
858			0.0881390834222596
859			0.09979473542846565
860			0.10723937665991778
861			0.11091747658167722
862			0.1110787781876712
863			0.10736449814555833
864			0.0992973097883623
865			0.08701523698991254
866			0.07549394890473907
867			0.07199620033715194
868			0.08343708730256406
869			0.10758607007610342
870			0.13257640448462488
871			0.1461015856884986
872			0.1413162516308942
873			0.12426193117606622
874			0.10283815299822967
875			0.08403194565359964
876			0.06960332575063709
877			0.05945439882847088
878			0.05348756672612573
879			0.05164565286773235
880			0.05390397744824179
881			0.060227985912732145
882			0.06965112806716335
883			0.07956954691070256
884			0.08721333056333151
885			0.09020437685920868
886			0.0877740145615309
887			0.07956676060403806
888			0.06554030190661529
889			0.04892407368587567
890			0.03489542425853378
891			0.02854146759528894
892			0.03051881774672029
893			0.035776380768612094
894			0.03888861308410605
895			0.03668503958237146
896			0.03248722432563117
897			0.030777915113524675
898			0.035178384148226
899			0.04332934257547369
900			0.05033502479480263
901			0.05148371838440488
902			0.04594745066700186
903			0.03649388824890242
904			0.02601783388615413
905			0.01629978423167322
906			0.006899388891400311
907			-0.0028869589511456377
908			-0.013109873880022093
909			-0.020810273349122027
910			-0.022162528842934223
911			-0.013981504919803394
912			-0.0005415092789242814
913			0.009064526596922364
914			0.0058349324868353526
915			-0.01172389660701998
916			-0.034844567866293766
917			-0.05402199893078316
918			-0.06214992971786301
919			-0.059323672317817995
920			-0.046984358573282224
921			-0.02671387166389566
922			-0.001090669756922767
923			0.026876653129826407
924			0.054096914761202756
925			0.07586763535178045
926			0.08600238913678772
927			0.07829224151089663
928			0.05046831559309039
929			0.00789487654696171
930			-0.04318946207330532
931			-0.09508322434902765
932			-0.13371069977127997
933			-0.14326045359733383
934			-0.1106147592052629
935			-0.05112604902924182
936			0.0027517105131877966
937			0.0190834962154993
938			-0.007469078521181528
939			-0.049149621215988086
940			-0.07615351789967714
941			-0.07085308447332554
942			-0.04777168309606107
943			-0.026677415154881323
944			-0.023805920109026005
945			-0.03420292207137098
946			-0.04504892194731621
947			-0.04351143453858026
948			-0.01675797464688169
949			0.04804394292606097
950			nan
