Nom de l'instrument : SAM_839E
Fichier_calib_utilise: /Users/mdlemineahmedou/Documents/Stage/pipeline_LOG/data/calibration/ALL_2023/Cal_SAM_839e.dat
Date : 2017-07-02
Heure : 17:12:54
InclX : -8
InclY : 6.8
Pressure : +INF
Comment : 
Mission : VITEL

l_onde		data
310			nan
311			nan
312			nan
313			nan
314			nan
315			nan
316			nan
317			0.05458192055507362
318			0.006350960460430515
319			0.007252613496752287
320			0.038835978063343615
321			0.08265015255950912
322			0.12024423538455345
323			0.13316732493778127
324			0.10420968435829903
325			0.04177403663105709
326			-0.021655755367380167
327			-0.052736659480165225
328			-0.03507801654514665
329			0.009397610249714423
330			0.05350678849454846
331			0.0742489735000993
332			0.07369925050835616
333			0.06323469908657868
334			0.05388542345973399
335			0.049633786458227816
336			0.04806179683300582
337			0.046525203770657254
338			0.04358055746772585
339			0.040413986912252224
340			0.03855986300264185
341			0.039607284209949994
342			0.04546418650825427
343			0.058153655853138614
344			0.07931229848733308
345			0.10329010647627558
346			0.11794466219783521
347			0.11095736031993385
348			0.07932177419141585
349			0.04012106925736238
350			0.01305326729619144
351			0.0137925287945471
352			0.03481816713220112
353			0.060315979273440935
354			0.07511787363432558
355			0.07634490101047764
356			0.0720226813105083
357			0.0705339123399279
358			0.07635385603128156
359			0.08552195969090143
360			0.09297874118936306
361			0.09461324398087469
362			0.09181703765663445
363			0.08796100796506215
364			0.08636168169116742
365			0.08925141689256856
366			0.09789083722775917
367			0.11349188310543534
368			0.1344625465104233
369			0.15306210054030533
370			0.16073422984066016
371			0.1511838989991137
372			0.1315327609946063
373			0.11383169190371308
374			0.10962968511790307
375			0.1203906000003784
376			0.13832444662320784
377			0.15531203994184362
378			0.16629242362441965
379			0.17311378047530102
380			0.17857259300746392
381			0.18503789266664206
382			0.19224450099566726
383			0.19892466392381675
384			0.20388932115140868
385			0.20764779621620894
386			0.21232510739942292
387			0.22010591158991674
388			0.23193860003549688
389			0.24585482595063915
390			0.2594658002807739
391			0.2708130845423438
392			0.2807339199964886
393			0.29118237507963374
394			0.3041003435473991
395			0.32108353706220955
396			0.3433821467569275
397			0.3722283962200803
398			0.40773013331083036
399			0.4471885794742743
400			0.4874742604384331
401			0.5256536573809117
402			0.5601545270573489
403			0.5899823142403864
404			0.6142083789527805
405			0.6335349344783567
406			0.6503911286088258
407			0.6672882700614022
408			0.686223737486276
409			0.7078205262388799
410			0.7324743276954407
411			0.7603711487721461
412			0.7901173078347017
413			0.819599194580878
414			0.84674610733881
415			0.8708490642790218
416			0.8927450157429432
417			0.9133544362635011
418			0.9335210507340316
419			0.9538660217229096
420			0.9749703988651948
421			0.9973325784975733
422			1.0207661969721096
423			1.0447464711341223
424			1.0687408174474282
425			1.092030649305921
426			1.1136687424922334
427			1.1326942891097012
428			1.1494037107953026
429			1.1680927353315076
430			1.193850537021161
431			1.231155126663667
432			1.2788371863148844
433			1.332674502650782
434			1.3884596443761998
435			1.443860474380046
436			1.4990641211109392
437			1.554434714562125
438			1.6103042579061897
439			1.6668914161209387
440			1.7243898735041858
441			1.7829673003609783
442			1.8425193142721557
443			1.9027794320559606
444			1.9634883169044803
445			2.024882181607152
446			2.087931295038303
447			2.1536652525163618
448			2.2220324690489277
449			2.2887090610913066
450			2.348316017657566
451			2.396032340110123
452			2.433745061994746
453			2.4677763528635954
454			2.5044797103572205
455			2.546825165180375
456			2.592208954494332
457			2.637507167300627
458			2.6802089103707263
459			2.7205398722078025
460			2.759489078157747
461			2.7979674129067518
462			2.835787071906872
463			2.871949393506041
464			2.905444785179843
465			2.936077371641283
466			2.9651544300499175
467			2.9941456314624233
468			3.02459534137644
469			3.058427679629554
470			3.097687153206846
471			3.1442275048046753
472			3.196707074163674
473			3.2511378246465914
474			3.3034644043475776
475			3.3516215813224473
476			3.3976998968448324
477			3.4443105982503215
478			3.49323961877197
479			3.541454744389035
480			3.5841802743450435
481			3.61687098543709
482			3.6397313365575323
483			3.6574011247876825
484			3.674688818151113
485			3.6960426945806217
486			3.725054073153781
487			3.7651895786383105
488			3.819163908371433
489			3.884607552520702
490			3.957045010556065
491			4.032026351027415
492			4.105925512676307
493			4.175987746051332
494			4.239501457428312
495			4.294650450297486
496			4.34206410747991
497			4.382785517722838
498			4.418180241769741
499			4.45216277718842
500			4.489858270000335
501			4.53630690315729
502			4.593512454100416
503			4.659826715808539
504			4.7333845316661645
505			4.811768405682013
506			4.89081683577548
507			4.966024947973255
508			5.0332165742423385
509			5.09128423908244
510			5.140793118407818
511			5.182351555518972
512			5.217731313620953
513			5.2503018192311925
514			5.283548425860557
515			5.3210764104249835
516			5.366931378037914
517			5.425259969975544
518			5.499681753781773
519			5.587936895809781
520			5.684086857442124
521			5.782184429559745
522			5.879266342847901
523			5.9770660127688835
524			6.077729353895131
525			6.1828545834905775
526			6.29169248086164
527			6.402865043426944
528			6.514911790215872
529			6.625258260418381
530			6.730529972046801
531			6.827352697138088
532			6.914042725863896
533			6.991977603350253
534			7.062857473241662
535			7.1283502647253405
536			7.189962349759908
537			7.249149562028466
538			7.307420974191492
539			7.367170451091399
540			7.431520940701287
541			7.503602806184779
542			7.584246861566354
543			7.669475992885391
544			7.754709780785351
545			7.836354194233137
546			7.916620245693721
547			7.9998354943163275
548			8.090111325108987
549			8.18699486391823
550			8.28572001109785
551			8.381354810278278
552			8.46996462162186
553			8.550030345370322
554			8.620391422596075
555			8.680439985960932
556			8.733398793345344
557			8.784112873732733
558			8.837323031754224
559			8.894834479559353
560			8.955272910941002
561			9.017105088467858
562			9.078802479871523
563			9.13884979061411
564			9.195734037178651
565			9.248051177794478
566			9.29529018291161
567			9.337377442213866
568			9.374312908040329
569			9.408575294840706
570			9.445718169905737
571			9.491486066412214
572			9.549389318758092
573			9.615623780076108
574			9.684890781646004
575			9.752325390237049
576			9.817288564575275
577			9.88152424985239
578			9.94671826734609
579			10.010491994749897
580			10.064697295744105
581			10.100746935027656
582			10.111250405372731
583			10.093376793326298
584			10.045380928379965
585			9.966099981143497
586			9.861153189412683
587			9.740541190409433
588			9.614334509852556
589			9.492372179682668
590			9.38411761078223
591			9.298999855246421
592			9.244376929743112
593			9.218444992975062
594			9.21686754901685
595			9.235212455350997
596			9.267708796167549
597			9.307599751296332
598			9.348132948945665
599			9.385360739468576
600			9.420529963800822
601			9.455450459223394
602			9.491356689264386
603			9.526537438922684
604			9.558341340965729
605			9.584278529957764
606			9.604606857345159
607			9.62187901294134
608			9.63870627027639
609			9.655730599348827
610			9.669439131318443
611			9.675792079713997
612			9.672009092038309
613			9.662748359612268
614			9.655389322249302
615			9.65704693175605
616			9.6692745472594
617			9.688385521719141
618			9.710489252255778
619			9.731755219981629
620			9.748496926327308
621			9.757049003884362
622			9.754359061005692
623			9.74153802441745
624			9.721428329029914
625			9.696883125233159
626			9.670884154489942
627			9.646549078626505
628			9.627002855967019
629			9.615866992596398
630			9.618110325072433
631			9.638928016756005
632			9.682040867784181
633			9.73969479210597
634			9.798757233809132
635			9.846329680923281
636			9.877872239150078
637			9.89869828065329
638			9.914685709301533
639			9.92851244141462
640			9.933074598720452
641			9.919405718675796
642			9.87977108604248
643			9.817375882140933
644			9.74115242758471
645			9.66001106388942
646			9.580020061544317
647			9.503535124239972
648			9.43266165805569
649			9.368718141460914
650			9.310329924157054
651			9.255546706908076
652			9.202921851751773
653			9.156087773473324
654			9.121619284157633
655			9.106048356325589
656			9.112015161426429
657			9.136565623348341
658			9.176312228396688
659			9.227462107312709
660			9.284681338497274
661			9.342269843248358
662			9.39478681081905
663			9.439741375588431
664			9.47651588623998
665			9.504541616626794
666			9.524430893173136
667			9.538649804975186
668			9.549826639070949
669			9.559680031099822
670			9.566123102206056
671			9.566073971252768
672			9.556867679969825
673			9.541149707562992
674			9.525225470586674
675			9.515398974905924
676			9.512219401692603
677			9.506457043650268
678			9.487931930222373
679			9.447623699159134
680			9.381794152297228
681			9.28820829126241
682			9.165019230317073
683			9.015858735270763
684			8.84841479442678
685			8.670470776243196
686			8.489804587086532
687			8.314184180074877
688			8.151376451158727
689			8.00788104406294
690			7.8839830895469785
691			7.778065805933032
692			7.688284850855496
693			7.609283729068972
694			7.532942529130182
695			7.4511058900256995
696			7.360285128531539
697			7.266015740884841
698			7.174864593543504
699			7.091966575976609
700			7.014988259814452
701			6.939169393481204
702			6.859931799222714
703			6.775759537729493
704			6.687668355961613
705			6.596730340280466
706			6.50121204927135
707			6.393688770275414
708			6.2660467315471005
709			6.110639752330199
710			5.922381211063804
711			5.697055827787911
712			5.4309050545082265
713			5.128255396877211
714			4.800373229141548
715			4.458751991919217
716			4.115176238855144
717			3.782042319986419
718			3.4718238189482005
719			3.1956859961582538
720			2.957383703898972
721			2.7580657476524775
722			2.5984398671235063
723			2.4711234896447802
724			2.361614762122625
725			2.255205691581466
726			2.1437992945998836
727			2.033498573904462
728			1.9322454281060542
729			1.846764537375278
730			1.776754947190989
731			1.7194005233221201
732			1.6720142866489023
733			1.6343996253105508
734			1.6085767579939036
735			1.5966251865041043
736			1.5972684662718193
737			1.6019686096224426
738			1.6012391948088196
739			1.5874371193400132
740			1.5635861843377064
741			1.5365382482300658
742			1.5130178847537763
743			1.4972720517729314
744			1.4913479342526874
745			1.4972012344625114
746			1.5140923036890064
747			1.5354955603363036
748			1.5541366712043552
749			1.5637426857463073
750			1.563751481414732
751			1.555622341666656
752			1.5406100396529712
753			1.5162030268385196
754			1.476603624088356
755			1.4159442700055669
756			1.3348975368479303
757			1.2478421800281825
758			1.1708815559256234
759			1.1172941415599213
760			1.0847643076726277
761			1.0656248565850424
762			1.0525861736081161
763			1.0449588608950815
764			1.047624854089096
765			1.0656251058750281
766			1.1018279467984844
767			1.1547300801039126
768			1.2223040417235185
769			1.3014942027102558
770			1.3838524063654374
771			1.4591686466020146
772			1.5177413895592984
773			1.5580041462159466
774			1.584925430363297
775			1.6036452294187031
776			1.6178330587309642
777			1.6283659823480687
778			1.635808907419484
779			1.6410455848046896
780			1.6465183064690387
781			1.6551448381652376
782			1.669487830059877
783			1.6869841028962351
784			1.7012193269371445
785			1.705724180947177
786			1.6974009917758284
787			1.6790897302438645
788			1.654234426316657
789			1.62702310242381
790			1.6049664070072291
791			1.5965021719214239
792			1.609210855875615
793			1.6397370618237184
794			1.6771811585552197
795			1.7105745912451606
796			1.7342717690928318
797			1.7511660676040153
798			1.7649201666476197
799			1.7770716959936783
800			1.7806654414262506
801			1.7666248152439323
802			1.7275555736803032
803			1.6746443281600312
804			1.630617427974162
805			1.6179809295657257
806			1.6398999265720795
807			1.6717866247805402
808			1.6869087806041485
809			1.664662467173769
810			1.6058941092844037
811			1.5161405968580175
812			1.4023208570224603
813			1.2843215035367086
814			1.1891261439248766
815			1.1430436794702883
816			1.1452430373653124
817			1.160701186250467
818			1.1522244295632649
819			1.0979690950030956
820			1.02217428648111
821			0.9576909994770426
822			0.932597474297927
823			0.937608495607073
824			0.9458382355502662
825			0.9310502148922866
826			0.8871416705119408
827			0.8298526947438406
828			0.7760073165414156
829			0.7380116670885803
830			0.7171161495658309
831			0.712837454654629
832			0.7225078820395785
833			0.7294444650367278
834			0.7114284847882538
835			0.6480813075922113
836			0.5555567629112348
837			0.4834419121461838
838			0.48234154278280633
839			0.5687920529796844
840			0.6882825292657987
841			0.7774139409366995
842			0.7862758798026261
843			0.7345740860454766
844			0.66440797348661
845			0.6159474498982545
846			0.6011804475245839
847			0.6108262871724807
848			0.6350632797749343
849			0.6626876657240501
850			0.6801569283680596
851			0.6737025017851506
852			0.6355809246766614
853			0.5825360320305265
854			0.5375317499122253
855			0.5212488870070785
856			0.5299322744742476
857			0.5450069038346577
858			0.5480364943910307
859			0.5352605432370943
860			0.5227105502066361
861			0.5278131483291962
862			0.5603714345214406
863			0.6063647163768782
864			0.6471313331231502
865			0.6656321350597372
866			0.6575835199490159
867			0.624732304872006
868			0.5691927461965666
869			0.50147390031012
870			0.44092991776172635
871			0.40730243154255064
872			0.41083409513644414
873			0.4393524160329222
874			0.477453141846077
875			0.509795220582003
876			0.5213996267250174
877			0.49741601497061794
878			0.42568146906989013
879			0.3369952847931218
880			0.2966960555223992
881			0.3704360616162869
882			0.5665534501125757
883			0.7926983211604152
884			0.9463090409858218
885			0.9520132098613856
886			0.8461232399162999
887			0.6936243134222156
888			0.5552218378743368
889			0.44690933146025824
890			0.3580600265101052
891			0.2778198057540071
892			0.20015158072855252
893			0.12522392696434623
894			0.05362629079306102
895			-0.0027110286503158596
896			0.0007910594862217239
897			0.11455129750741087
898			0.37228798236395894
899			0.6917810914496644
900			0.9416388189802932
901			0.9963450577761809
902			0.8520538226911292
903			0.617563615387987
904			0.405607766584325
905			0.2876085431236778
906			0.2526539645953855
907			0.2800722522251685
908			0.3451991294894762
909			0.40496855576785695
910			0.4110162913791368
911			0.32177444562858826
912			0.1748240228322428
913			0.05887434087350816
914			0.06191156335310925
915			0.2029691359073624
916			0.4068453493847555
917			0.5915622115520416
918			0.6950126404527723
919			0.7147445756122421
920			0.6594542036758628
921			0.5418360860727952
922			0.40289485492422117
923			0.2958541690049474
924			0.27066241804721863
925			0.3110641028508706
926			0.3398323693089859
927			0.2780009227267818
928			0.11080263709678038
929			-0.05215545259274391
930			-0.08701970794141468
931			0.09295680338288383
932			0.41283331493052655
933			0.7536409886285185
934			1.0004522116279067
935			1.0810609446766484
936			0.9489232616584491
937			0.5613775126520278
938			0.0006746922679453963
939			-0.4955026578034038
940			-0.6799902824070421
941			-0.4357313102288579
942			0.010805417001817719
943			0.37711235920288394
944			0.4296300427537688
945			0.22842010189006323
946			-0.05747023322333321
947			-0.25881378860922377
948			-0.2063833902904118
949			0.2690481357102997
950			nan
