Nom de l'instrument : SAM_839E
Fichier_calib_utilise: /Users/mdlemineahmedou/Documents/Stage/pipeline_LOG/data/calibration/ALL_2023/Cal_SAM_839e.dat
Date : 2017-07-05
Heure : 12:55:28
InclX : -7
InclY : 6.8
Pressure : +INF
Comment : 
Mission : VITEL

l_onde		data
310			nan
311			nan
312			nan
313			nan
314			nan
315			nan
316			nan
317			0.12953994631837196
318			0.14602407322335953
319			0.1805006641485499
320			0.2232505620907899
321			0.2645546100469265
322			0.2946936510138067
323			0.3039485279882773
324			0.28345603870176334
325			0.24201631401641796
326			0.20503676104327417
327			0.19850744495605138
328			0.2345100474346295
329			0.2936925983924462
330			0.3523869068414685
331			0.3913676809354209
332			0.4180439786222004
333			0.44970507108151436
334			0.5024541575042051
335			0.5690041248453704
336			0.620826121472279
337			0.6287178341830839
338			0.5825690216979267
339			0.5140782911602999
340			0.4604811034836552
341			0.45249421595058853
342			0.48285705398021866
343			0.5305933131283791
344			0.5752450960657438
345			0.6064752176990346
346			0.6229640981721445
347			0.623730541158346
348			0.6119811466100359
349			0.5999570403314511
350			0.6010752797748782
351			0.6256172199239044
352			0.665789005395689
353			0.7073338343953471
354			0.7367083802761446
355			0.7538762689652381
356			0.7707862994229141
357			0.7997607378705168
358			0.8453440997388803
359			0.8952894121246128
360			0.9351622831709353
361			0.9538091752744056
362			0.959109233336043
363			0.9657878570602949
364			0.9879158647844226
365			1.0269343909857918
366			1.0729646547571394
367			1.115746093830445
368			1.1487218949391775
369			1.1734571172611095
370			1.1925941346952895
371			1.208793801001569
372			1.2248266151585487
373			1.2435033592407039
374			1.2674747370044728
375			1.2962213465099661
376			1.3263149816042277
377			1.3542283613461794
378			1.3783840584494813
379			1.4016097478819163
380			1.427337717878076
381			1.4580428078554555
382			1.4902994832500582
383			1.5184365376331763
384			1.5371264921247403
385			1.5483725614587944
386			1.5611517450209647
387			1.5847023761658525
388			1.624012198636782
389			1.674040483354142
390			1.7283009158547362
391			1.7817696472045756
392			1.8389234206211122
393			1.9080343065641827
394			1.997169097110581
395			2.1094612824799794
396			2.243120478712336
397			2.3961381940682083
398			2.564718892990586
399			2.740606285167181
400			2.914859547439299
401			3.078976264738776
402			3.2274995827517854
403			3.356265099612207
404			3.4613823193213102
405			3.545840461065011
406			3.619913775638386
407			3.694220898217213
408			3.775940266137039
409			3.8630503287474
410			3.9520079846878944
411			4.039509376534145
412			4.124053026048268
413			4.204958872889259
414			4.281566690269
415			4.353674139622472
416			4.421598713346004
417			4.485685888172768
418			4.546147296327036
419			4.602806441238687
420			4.655416872968582
421			4.703577298768687
422			4.7456035955439075
423			4.779177644605015
424			4.802108148056876
425			4.816727384720496
426			4.830928078065238
427			4.8529441060246015
428			4.890155945360586
429			4.947229363660437
430			5.028291540948915
431			5.136719794309359
432			5.268962488885111
433			5.417722260409087
434			5.575707803112112
435			5.737421756173172
436			5.8997767399690355
437			6.059854812993154
438			6.216465924253394
439			6.374515739286035
440			6.540253470206649
441			6.719254204028932
442			6.9100430692285215
443			7.106944524507901
444			7.304264769405199
445			7.498316116848903
446			7.688382529323967
447			7.873988138425409
448			8.054289589788599
449			8.226991403332534
450			8.38943946821276
451			8.539288121171898
452			8.677899639013422
453			8.809087869735464
454			8.936689707185481
455			9.063079286080225
456			9.188221047897821
457			9.311854560788413
458			9.433650662870095
459			9.55297337350406
460			9.669101128617811
461			9.781264886902376
462			9.888028396871992
463			9.987462991082868
464			10.077657098783046
465			10.159605549314644
466			10.239672067025499
467			10.32480040777336
468			10.421086380827612
469			10.530314746431495
470			10.652903605279224
471			10.789036281913948
472			10.934973677921784
473			11.083728213366689
474			11.228235458662981
475			11.364796737764411
476			11.496741749137975
477			11.628280825737441
478			11.761328310944089
479			11.884394662491907
480			11.981140030392393
481			12.036117908265638
482			12.052238262994637
483			12.04955266488854
484			12.048753122354467
485			12.065831472688268
486			12.105596976657255
487			12.17123174145651
488			12.265093195216316
489			12.383962643899011
490			12.522311640732134
491			12.674479404584858
492			12.831619983269904
493			12.981518839139559
494			13.111804864477973
495			13.213497623477108
496			13.28687755025541
497			13.33379169209413
498			13.357312277433529
499			13.37019581554853
500			13.389798482330088
501			13.433132351434393
502			13.504972476581942
503			13.595376046401434
504			13.693527704833155
505			13.79087328392045
506			13.885998294667804
507			13.978893957092588
508			14.068538625102388
509			14.14445486161821
510			14.191011164107797
511			14.192909947558652
512			14.151902515723673
513			14.093152513842028
514			14.04352225905111
515			14.025305500419675
516			14.044021368736372
517			14.10133994975431
518			14.198265179794172
519			14.328370232597884
520			14.480578899708865
521			14.643797376018552
522			14.810287864830425
523			14.977594885665493
524			15.143726891828415
525			15.306795320063792
526			15.46535299551117
527			15.61807097307088
528			15.763810346918605
529			15.903999147854902
530			16.04190889036723
531			16.180793605494433
532			16.31840414408393
533			16.442525987620968
534			16.53989445566693
535			16.6011467223253
536			16.636487971196406
537			16.662244643740067
538			16.69415429021847
539			16.738135940550595
540			16.792018004398187
541			16.853393730752757
542			16.920847686233227
543			16.995037097564744
544			17.07687927170448
545			17.166711222398227
546			17.26145485064788
547			17.356786890979524
548			17.448459728129336
549			17.533838290989422
550			17.611811362885977
551			17.681329122459502
552			17.741878266966772
553			17.79424496296987
554			17.839408258452387
555			17.87838099597557
556			17.91241024341539
557			17.9428422631495
558			17.97103245009489
559			17.998570292455643
560			18.02729882313192
561			18.059071174111455
562			18.093596685193557
563			18.124553248612244
564			18.144565796550655
565			18.147273840594202
566			18.134633555461082
567			18.11267482094426
568			18.08738505259335
569			18.062279359821268
570			18.03780600770126
571			18.01422210117039
572			17.991231523406356
573			17.966726980249955
574			17.938231111092758
575			17.903336359382635
576			17.860315270627428
577			17.80782390085084
578			17.744465279389424
579			17.66609798782596
580			17.56468483961503
581			17.431892152195815
582			17.25976403082453
583			17.04178397122327
584			16.771778220709983
585			16.444898417400925
586			16.071731979510556
587			15.672838258029707
588			15.26887292352391
589			14.875691598619882
590			14.501361363634174
591			14.153236865800471
592			13.836294942881105
593			13.54499346596245
594			13.270882499686282
595			13.005862004413586
596			12.746735292277684
597			12.493916619788585
598			12.247904874316067
599			12.009273340402249
600			11.778733090003161
601			11.557010128937792
602			11.345737039807611
603			11.151187707932152
604			10.981117351730932
605			10.84266638061821
606			10.732530619825484
607			10.638682786076785
608			10.548864904110829
609			10.456972168603722
610			10.369881739188813
611			10.296117151324573
612			10.242067363425805
613			10.201513968059254
614			10.163626394961344
615			10.117988195905602
616			10.062901832717804
617			10.004884526030272
618			9.950762272382079
619			9.903970230820137
620			9.859815779926077
621			9.812413762123539
622			9.756427989128783
623			9.690250860452839
624			9.613825481006387
625			9.527292759251303
626			9.435702022824664
627			9.349290783150666
628			9.27853845546879
629			9.229575866259559
630			9.196734400717105
631			9.172363354356362
632			9.149647473590363
633			9.128273772262814
634			9.110976985025497
635			9.100365128000428
636			9.094496059282262
637			9.086063841031079
638			9.067455274503677
639			9.032889827160963
640			8.982189102125549
641			8.916241423935038
642			8.836059051109087
643			8.743754975197787
644			8.642018431900881
645			8.533512626417476
646			8.41967715781819
647			8.300353241655005
648			8.175274521889838
649			8.045395114562291
650			7.915845998261794
651			7.792650944569049
652			7.681126397158127
653			7.579455919066564
654			7.481690852272571
655			7.381956587647694
656			7.28052961219545
657			7.186528271457472
658			7.109755951796203
659			7.056571644916152
660			7.020239684599747
661			6.990913087847732
662			6.95932388591785
663			6.922792121627377
664			6.882821223234281
665			6.840993395225181
666			6.799635811883488
667			6.762244941082674
668			6.732419559916572
669			6.711489218257187
670			6.691290184155939
671			6.661176581113517
672			6.611773483771844
673			6.5498943262038
674			6.493509510540634
675			6.460639246125204
676			6.455978121228875
677			6.461577156477405
678			6.457286984335756
679			6.426383395806603
680			6.36774421691848
681			6.284687305356649
682			6.180568276507916
683			6.059271411024658
684			5.92507239681037
685			5.782264596193157
686			5.63596354483452
687			5.4927829765396945
688			5.359495753719707
689			5.242186437607984
690			5.143564210404699
691			5.065305240878457
692			5.008321237640772
693			4.961704123018595
694			4.905245828708583
695			4.818605616753256
696			4.695555506283822
697			4.557158034098686
698			4.427594760432376
699			4.326123431823865
700			4.24632218826507
701			4.173424604554269
702			4.0932945178279185
703			4.002395438548813
704			3.905954090073541
705			3.809433127753998
706			3.714409250047511
707			3.6145761342848566
708			3.5026730370523316
709			3.3724721506425204
710			3.2233998825605763
711			3.0568074846146054
712			2.8743329822930104
713			2.682670412088546
714			2.492853676809532
715			2.3160185382656064
716			2.1569071662441957
717			2.00682510568213
718			1.8553816527374531
719			1.6953766761102271
720			1.537681606945929
721			1.3995231724312673
722			1.2972115262348445
723			1.2300045521453726
724			1.1821545463303176
725			1.1374385157485942
726			1.0862475102102145
727			1.0331790809828678
728			0.9846705189500541
729			0.9457130667765267
730			0.9129515551801459
731			0.8800427964433571
732			0.84103522242743
733			0.7974176405727872
734			0.7573019986659593
735			0.7290073793923619
736			0.7163838870668922
737			0.7136117220629358
738			0.7136080933698937
739			0.7100683151727827
740			0.7011904339392214
741			0.6867884024803682
742			0.6668851875305165
743			0.6453807272155074
744			0.629617162583527
745			0.6270302110171829
746			0.6404012691882072
747			0.6625206092662344
748			0.6848855623083008
749			0.7000021327687731
750			0.7061287317982878
751			0.7035598937571211
752			0.6925781153324351
753			0.6732036261919065
754			0.6452278269891534
755			0.6084478354978852
756			0.5648303482006677
757			0.520888855991729
758			0.4837089569630828
759			0.45895219305779517
760			0.4444189269947712
761			0.43521173056269835
762			0.4267263034108751
763			0.4194596688466944
764			0.4182149473889655
765			0.42790652846855864
766			0.4501640377800353
767			0.4800076853409262
768			0.5116651983214714
769			0.5407520218049767
770			0.5701619153831161
771			0.6051666132367474
772			0.6503730704044324
773			0.6997517742053878
774			0.7387287788505134
775			0.7525801640740809
776			0.7367972917354842
777			0.7062705170299771
778			0.6780587305870436
779			0.665976151152789
780			0.6679767049648226
781			0.6771757206009565
782			0.6869647169684857
783			0.6947375725259299
784			0.7008952281280921
785			0.7059148446590363
786			0.7105365039151309
787			0.7159633048079794
788			0.7234454507444901
789			0.7331481984808995
790			0.7403914976812567
791			0.73914320832265
792			0.724428773874238
793			0.7047633087842896
794			0.6979679424069726
795			0.7217836718235654
796			0.776494789959438
797			0.834381979734193
798			0.8652029841017671
799			0.8484591782829978
800			0.802592736467789
801			0.755772607360231
802			0.7338826619110057
803			0.7375689478447438
804			0.7518034300006912
805			0.7614773775488005
806			0.7590774575005204
807			0.7479891854194322
808			0.7324403811001854
809			0.716265220007193
810			0.7019200425968252
811			0.6915599034930755
812			0.6865356460700386
813			0.6806521811976027
814			0.663584659561141
815			0.6253504998650837
816			0.5699311032580919
817			0.51890022036388
818			0.49494569867771787
819			0.5088356371815418
820			0.5355534941382087
821			0.5433953389198233
822			0.5060161325827496
823			0.43902285435715005
824			0.3777846067426725
825			0.35665209903387485
826			0.37962839370942003
827			0.41779271250892164
828			0.44060512874455016
829			0.4300713175030397
830			0.3998761208274088
831			0.36862764239759555
832			0.35231128847696686
833			0.3500849820851594
834			0.35446012419237927
835			0.35811547578564135
836			0.35734968250740257
837			0.35177418176917674
838			0.3411336982896351
839			0.32694846461418586
840			0.31444141424822836
841			0.3092986937232128
842			0.3141827023832952
843			0.31614997376981846
844			0.29723704715808663
845			0.24157761534327668
846			0.163802529472415
847			0.10155849386723963
848			0.09273240050465699
849			0.15012796717521662
850			0.24410285079507646
851			0.34091214401361686
852			0.41182649499513063
853			0.448500827633105
854			0.4477679364238662
855			0.407852328830961
856			0.34187386321731916
857			0.27198607427200866
858			0.2201909529880065
859			0.19670797169712628
860			0.1958664983055408
861			0.2108730702540603
862			0.2349413067254888
863			0.2613069575683473
864			0.28321008377234935
865			0.2936184017177549
866			0.28335856098260326
867			0.24224498249350435
868			0.1610496021243978
869			0.05493753114250155
870			-0.03522450238026255
871			-0.06741441602039051
872			-0.019049788451746985
873			0.08657920647013774
874			0.2195685984626614
875			0.3508192122443874
876			0.45584192463535755
877			0.5117862287272317
878			0.49767440146719255
879			0.42243796900597186
880			0.31905387813337593
881			0.22105523855385614
882			0.15123861422507417
883			0.11353887201639305
884			0.10997793443132203
885			0.13965468178366525
886			0.18966105750746967
887			0.24400647182975765
888			0.28684585170555116
889			0.30385438903156997
890			0.2816124015659949
891			0.2073311218630231
892			0.091837806167514
893			-0.02361632591832791
894			-0.09578554360231785
895			-0.0948771478506055
896			-0.02982791081266463
897			0.0834981370849258
898			0.22693592754627945
899			0.3663460599658671
900			0.4608140967379203
901			0.4714550284714846
902			0.4006651032370314
903			0.2890595334970902
904			0.1785821940462978
905			0.09631156300478369
906			0.039698916223993685
907			0.0026835581720950014
908			-0.018401952381044067
909			-0.016194342598942372
910			0.019845601454825515
911			0.09686645915840573
912			0.18252960323164824
913			0.21898860513387075
914			0.14937529784666986
915			-0.021799838356980742
916			-0.2061423734639973
917			-0.30923783519469217
918			-0.2717845427822766
919			-0.1398939194802474
920			0.020623157763520097
921			0.14962496329431774
922			0.22710959890072982
923			0.2504000832441098
924			0.2176675586357393
925			0.14261458458571133
926			0.05324758651749912
927			-0.021976446958656574
928			-0.06456619768101104
929			-0.07533701338607952
930			-0.05731574949059284
931			-0.01483532518656595
932			0.04208033542777274
933			0.10185762962367671
934			0.1520441444976537
935			0.1708996820740308
936			0.13110503191959597
937			0.006597313024811557
938			-0.18156980077215557
939			-0.3537144716030059
940			-0.4265602537667406
941			-0.3563115668830736
942			-0.20341512651595492
943			-0.04532249635632368
944			0.05123765989513209
945			0.0838593372691541
946			0.07401166479072199
947			0.043203191213573036
948			0.012942465291444511
949			0.004738035778073725
950			nan
