Nom de l'instrument : SAM_839E
Fichier_calib_utilise: /Users/mdlemineahmedou/Documents/Stage/pipeline_LOG/data/calibration/ALL_2023/Cal_SAM_839e.dat
Date : 2017-07-05
Heure : 12:55:38
InclX : -6
InclY : 16.32
Pressure : +INF
Comment : 
Mission : VITEL

l_onde		data
310			nan
311			nan
312			nan
313			nan
314			nan
315			nan
316			nan
317			0.45431249699225357
318			0.5470982660910201
319			0.6561495355753503
320			0.7660016245900471
321			0.8611898522799138
322			0.9262495377897539
323			0.9457160002643701
324			0.9051517177959059
325			0.8113154419850835
326			0.6908949133158948
327			0.5713357606657562
328			0.47659454955151964
329			0.4227423854208911
330			0.42476760459818497
331			0.49062234768784346
332			0.58607807730818
333			0.6612590149777295
334			0.6686033398064926
335			0.6060662996411739
336			0.5129391307344716
337			0.42993275843833184
338			0.3818926460067812
339			0.3589212124224499
340			0.3465197655896142
341			0.3323969825701574
342			0.31712145794803814
343			0.30590621881845653
344			0.3038969528306795
345			0.3148514967195354
346			0.34129110511154065
347			0.38566197474471864
348			0.44459802130578896
349			0.5021940587878364
350			0.5409128148120125
351			0.5476399914374692
352			0.5347567560011295
353			0.5237603980039203
354			0.53499370376077
355			0.5669749023267965
356			0.5988565595033706
357			0.6091973591481804
358			0.59087752963123
359			0.5676962698686143
360			0.5674805779116551
361			0.6118577342133558
362			0.6864896127945087
363			0.7641009551153229
364			0.8184898624692876
365			0.8442070249084251
366			0.8544035623422723
367			0.8628585309733898
368			0.8773845382715258
369			0.8927104931259194
370			0.9018298350268252
371			0.8995982949978897
372			0.8919210034461312
373			0.888762583931198
374			0.8998194101109377
375			0.9293541314400904
376			0.9766435573514183
377			1.0407664076412495
378			1.1177958076425434
379			1.1970146546558056
380			1.2667738671723725
381			1.3178096187436446
382			1.3555574555081726
383			1.39104747872109
384			1.4346705170621485
385			1.4831253145112828
386			1.5200851559098976
387			1.5287504596546686
388			1.504485602864277
389			1.4713535528810424
390			1.45755412453038
391			1.487298706343136
392			1.5588887349271972
393			1.660275055599448
394			1.7794292483587124
395			1.9054202689110074
396			2.028412351553968
397			2.138630850478551
398			2.2314276932068933
399			2.3149515759472163
400			2.399314945208778
401			2.492929314923279
402			2.5923900541659264
403			2.6892780842388784
404			2.775565978222347
405			2.8537002762280026
406			2.937218556128451
407			3.040175713149419
408			3.167365635688121
409			3.2988158598802064
410			3.410457909896581
411			3.4819939900351278
412			3.5215332748717922
413			3.5501311569355
414			3.5884355502332324
415			3.6432549072507454
416			3.7056860281003416
417			3.765979098471088
418			3.8175756096302185
419			3.863171355444054
420			3.9071300545864838
421			3.9531407113599526
422			3.999302505925499
423			4.040952036559692
424			4.073551454880628
425			4.097562992835788
426			4.119595052019697
427			4.1466332480503585
428			4.185058654866828
429			4.239329270957661
430			4.313521564248584
431			4.410986785701959
432			4.528374970354364
433			4.658713535883181
434			4.79507989148937
435			4.934138699528696
436			5.0773737293555135
437			5.226607346913759
438			5.383754571918526
439			5.551057291510601
440			5.730829437127705
441			5.924798974240424
442			6.128565872548889
443			6.334078777215076
444			6.533287017178845
445			6.720765390909623
446			6.894977796765501
447			7.054702450791371
448			7.200038341927111
449			7.3363035109863866
450			7.470104945419413
451			7.607623760823573
452			7.74992154075855
453			7.894674998190745
454			8.039488650841284
455			8.181114741059758
456			8.314901505466391
457			8.43606615842685
458			8.540963487859434
459			8.6310265406747
460			8.709104883575312
461			8.778161225062146
462			8.842747537183206
463			8.908588703850432
464			8.981419229171866
465			9.06516731415983
466			9.160424436954491
467			9.267421591014612
468			9.386018730247242
469			9.514189404722178
470			9.6493091495477
471			9.78885654648395
472			9.932039852877034
473			10.079499812890997
474			10.23190259309799
475			10.38707874557988
476			10.536937485523413
477			10.672646102159693
478			10.786550034308126
479			10.877872706013616
480			10.948326397592467
481			10.999635627565928
482			11.033704645412596
483			11.052605536597325
484			11.058437530590558
485			11.059290933480977
486			11.07750993088326
487			11.1375127609285
488			11.25851425893539
489			11.424546107151755
490			11.605066350165284
491			11.770153171225477
492			11.90688516612262
493			12.020320292348975
494			12.116378242955083
495			12.200264347037963
496			12.27523280665147
497			12.344207761843146
498			12.410175142904802
499			12.476609292861328
500			12.547216532287752
501			12.625697697843622
502			12.715526981573772
503			12.819905982613921
504			12.942017973704356
505			13.079640690006125
506			13.213483935499847
507			13.320897062691827
508			13.381855867621159
509			13.4008557751751
510			13.395757117751167
511			13.38438124756107
512			13.376880996300194
513			13.372878420110613
514			13.371231540133676
515			13.3738182822272
516			13.393604893162642
517			13.44610190691088
518			13.545010560843455
519			13.683849753640615
520			13.843510419457969
521			14.004814493251725
522			14.156372396096979
523			14.299053531015389
524			14.434803979448466
525			14.566335552066885
526			14.699641985214189
527			14.841596107869139
528			14.998272073455187
529			15.164955793102104
530			15.329185441401858
531			15.478399773507885
532			15.606716135743087
533			15.720345722988398
534			15.826774193599922
535			15.931240000725984
536			16.027711743046225
537			16.10663258732281
538			16.159315690018957
539			16.191548119332964
540			16.22104368185059
541			16.26582041028007
542			16.335626918602475
543			16.42292200992151
544			16.517994938165224
545			16.61250789848032
546			16.706203051383167
547			16.801768551492984
548			16.90168574001627
549			17.004041440497318
550			17.102769656726288
551			17.19164476633645
552			17.265421217842295
553			17.321227230189745
554			17.356543363248235
555			17.370899119315908
556			17.378024923392665
557			17.397665296146773
558			17.448901836666625
559			17.53255684405087
560			17.62967610554877
561			17.720323747724777
562			17.7903267239994
563			17.841725400733367
564			17.879390654862306
565			17.90760703850998
566			17.92585290929696
567			17.93125243318961
568			17.920999147471292
569			17.89529013657602
570			17.85804832270565
571			17.813428762883206
572			17.7658516940194
573			17.720605518086504
574			17.683156023751682
575			17.657793880088263
576			17.637360546778247
577			17.608241258095802
578			17.556855383987994
579			17.474730592537387
580			17.36064582670983
581			17.213931897451204
582			17.031675438515126
583			16.802412656382792
584			16.512643706399377
585			16.151003964865073
586			15.730996040570924
587			15.282187449242079
588			14.834303192726566
589			14.409492936424737
590			14.017614629239842
591			13.667401872908608
592			13.363448012334374
593			13.09203070136747
594			12.83436450295566
595			12.572602037137994
596			12.302040313945762
597			12.027656183513788
598			11.754643722404595
599			11.487407812529831
600			11.228891706459486
601			10.981880240463745
602			10.749856168128243
603			10.539875294539293
604			10.360133811389595
605			10.218146525224666
606			10.109856342975888
607			10.021541551690767
608			9.939215518327256
609			9.854155899999666
610			9.768746959202938
611			9.686781500718032
612			9.611275032168002
613			9.540652142487108
614			9.471657921117902
615			9.401290063724037
616			9.331829624088366
617			9.270535515884209
618			9.224846348621076
619			9.197917809223304
620			9.182639491178891
621			9.170394711117565
622			9.15361117698559
623			9.13181008040538
624			9.107462765723216
625			9.08292440270633
626			9.057345549302385
627			9.026489498742492
628			8.985960050959017
629			8.933207800523585
630			8.870694426320913
631			8.801723377473605
632			8.729999572190248
633			8.662352540033762
634			8.607076367837793
635			8.572244595471867
636			8.558706298556928
637			8.558794243668558
638			8.564350684577882
639			8.565455658625002
640			8.546802419954227
641			8.492058507279207
642			8.38755538781103
643			8.243284497069022
644			8.081623487704107
645			7.924783010862278
646			7.784124241241633
647			7.656835799205792
648			7.539151273783177
649			7.428146852858924
650			7.323782378662626
651			7.226634066684258
652			7.136794898441248
653			7.04948479698214
654			6.95710062467993
655			6.852159876311769
656			6.734840400510249
657			6.6163313784718545
658			6.508675124453447
659			6.42132232696982
660			6.35387101364039
661			6.30357820024826
662			6.267333941904095
663			6.237853023208731
664			6.205198933193199
665			6.159532206540608
666			6.099665334161357
667			6.037990789673488
668			5.988089249089276
669			5.959785000038101
670			5.947187529443875
671			5.940297480979667
672			5.929325517293834
673			5.9071575053284935
674			5.868523054684331
675			5.808300918199395
676			5.730151129380852
677			5.652655316893003
678			5.595845115063476
679			5.573201120749814
680			5.568363117621425
681			5.556478782068217
682			5.514517034646327
683			5.445171398530099
684			5.370181089229861
685			5.311561338278656
686			5.274612579847825
687			5.234176855257218
688			5.161861118659456
689			5.037013072837624
690			4.876940490206159
691			4.710568582704459
692			4.565715627512213
693			4.453033073919107
694			4.369665245562541
695			4.31235361169453
696			4.273300154052
697			4.235928628866251
698			4.182659532136827
699			4.099192364145359
700			3.988327909876026
701			3.8584240014910502
702			3.7175318240740376
703			3.5685321337564795
704			3.41003106722976
705			3.2405574333470253
706			3.0659108101295196
707			2.9066401998750315
708			2.785080361417147
709			2.716283628409584
710			2.675438866735516
711			2.6241643642316057
712			2.5258696961077227
713			2.375925860798514
714			2.197138192607666
715			2.013165052926204
716			1.841508885829138
717			1.6867350021963616
718			1.5517755202997179
719			1.4377313399943756
720			1.3353312484402853
721			1.231656431935527
722			1.114660874452664
723			0.9884874115930191
724			0.8715246792715255
725			0.7825835507982165
726			0.7289951208435188
727			0.6934327224562702
728			0.6553765125871941
729			0.5992116095508043
730			0.5376339636207795
731			0.4934748129470903
732			0.48797953400230293
733			0.5123106798202377
734			0.5308522141656201
735			0.5071819031815018
736			0.4287390769496836
737			0.33459433606875627
738			0.2705618693054394
739			0.2742938571816071
740			0.33621064290203423
741			0.42978236682851007
742			0.5290710649196243
743			0.6196394875465725
744			0.6972613948513294
745			0.758069728432121
746			0.798992907381587
747			0.8186669500703329
748			0.8159488535295597
749			0.789622725300127
750			0.7380569883282129
751			0.6594729297443622
752			0.5533820444491312
753			0.4427898679880626
754			0.37120057949365237
755			0.382593357508405
756			0.48648001439717825
757			0.6201389711841063
758			0.711759774542533
759			0.7036324007245142
760			0.61588505176967
761			0.49535836732601846
762			0.38725031035136737
763			0.3079913424895096
764			0.24972888327787018
765			0.20388364939200318
766			0.16670742133175478
767			0.14417277279255458
768			0.14341782102859657
769			0.16972890020447215
770			0.21868009706005653
771			0.28267230795532505
772			0.3537737944971113
773			0.418769842801817
774			0.46020184600539726
775			0.46065756743114356
776			0.42130143335565384
777			0.37857526684395926
778			0.37286440924776837
779			0.4318742148649978
780			0.521328946867727
781			0.5880439131037595
782			0.5826375482618519
783			0.5106723148443028
784			0.4189913543688401
785			0.35516873942607446
786			0.3429463278492372
787			0.36409623368104915
788			0.39612082901672063
789			0.420226883906932
790			0.4341647889341428
791			0.4403014550128359
792			0.44058246128804135
793			0.4315769152465046
794			0.4061448994869225
795			0.3572213508179825
796			0.28752885882295187
797			0.21549112188108005
798			0.160946404382269
799			0.14284712319299447
800			0.17660537167592227
801			0.27674892830186937
802			0.4540777864200992
803			0.6782199565963188
804			0.8932333728914192
805			1.043441300296463
806			1.1050713720466794
807			1.100131690669503
808			1.0541681943132697
809			0.9878316775588306
810			0.9046389395028254
811			0.8043601549644677
812			0.6888011339129703
813			0.5788680973687683
814			0.5059205956158797
815			0.5005698666326908
816			0.562369271391298
817			0.6517442910895315
818			0.7266305229607835
819			0.7539467850130476
820			0.7275806964467
821			0.6464597722907929
822			0.5129440199137935
823			0.35626467108817983
824			0.2183110482383301
825			0.13965170886932762
826			0.12352954181607367
827			0.13269321314124727
828			0.12791223878453026
829			0.09032006975310006
830			0.05247156437140432
831			0.054912985608806246
832			0.1286809468059319
833			0.2437972188094681
834			0.34618392012328414
835			0.3841942455454989
836			0.3552592312366505
837			0.3017242364322138
838			0.2674344225477722
839			0.27151828220229896
840			0.2815593742764942
841			0.2586929149432635
842			0.17525840456469732
843			0.06142179017400447
844			-0.03404974276498426
845			-0.06503048812057567
846			-0.023892383591775115
847			0.06793890596012432
848			0.188224410201601
849			0.30712020649727045
850			0.3819131768717386
851			0.36864634938869023
852			0.2392347208455878
853			0.030100317435238645
854			-0.20594921194605303
855			-0.4171564744892969
856			-0.5630048848112218
857			-0.609795140089695
858			-0.5247332405337035
859			-0.3093172254585758
860			-0.011291959500954142
861			0.3183322601525434
862			0.6340790975800317
863			0.907766019281686
864			1.1145793928538796
865			1.231980652078662
866			1.255316911283692
867			1.1883910687449883
868			1.0363509067557255
869			0.837119449375063
870			0.6631530149532742
871			0.5884125418938055
872			0.6474981495146676
873			0.7821285580764853
874			0.9206310792484496
875			0.9988560595420477
876			0.9957475308594534
877			0.9055669255423133
878			0.7240963505939364
879			0.47113516770030045
880			0.1857913138817331
881			-0.09240309475499052
882			-0.3344733650605948
883			-0.5299918225036817
884			-0.6704118223776013
885			-0.7500261696456704
886			-0.77479123440229
887			-0.7536577663399985
888			-0.6954572117945039
889			-0.6077746092591158
890			-0.4974529186978413
891			-0.3714648913201387
892			-0.24211204036567735
893			-0.1285607968465139
894			-0.05042402770987843
895			-0.020659514127527187
896			-0.03306593935233394
897			-0.07801513841060562
898			-0.1477123360195354
899			-0.24709056836171692
900			-0.38648099355302173
901			-0.5738812807581393
902			-0.7699968937532743
903			-0.8917492833045312
904			-0.8548545997360125
905			-0.6342254549623472
906			-0.32275486731008385
907			-0.027321104450231615
908			0.161055901981556
909			0.22444864945501597
910			0.1659742612264606
911			-0.00728413890408802
912			-0.24208191439226906
913			-0.4553551836111952
914			-0.5642562518104901
915			-0.5171705882551874
916			-0.3051688837997739
917			0.0775861258889092
918			0.6128133093929109
919			1.2098250175960152
920			1.7644023724534517
921			2.17947668762735
922			2.4086054545725237
923			2.4271971386445426
924			2.2139527226152413
925			1.8114402703896588
926			1.321047086455605
927			0.8461837322284197
928			0.46972517950772996
929			0.234762446792343
930			0.1798294468261035
931			0.3237985882980244
932			0.5998698049712784
933			0.9179141447964075
934			1.1884949822334283
935			1.329498135001728
936			1.2632078863155505
937			0.9146793261609159
938			0.30482863353115397
939			-0.4261459541066043
940			-1.1306391550159722
941			-1.6918560219739187
942			-2.0743508887924778
943			-2.2559484432864494
944			-2.223814727034314
945			-2.0211510622547766
946			-1.7119578155480264
947			-1.360269694376514
948			-1.0301214062026889
949			-0.7855476584890011
950			nan
