Nom de l'instrument : SAM_80E0
Fichier_calib_utilise: /Users/mdlemineahmedou/Documents/Stage/pipeline_LOG/data/calibration/ALL_2023/Cal_SAM_80E0.dat
Date : 2017-07-01
Heure : 16:04:19
InclX : 
InclY : 
Pressure : 
Comment : J1-2
Mission : VITEL

l_onde		data
310			nan
311			nan
312			nan
313			nan
314			nan
315			nan
316			nan
317			67.06080148301952
318			62.988489172353226
319			59.69896590605798
320			57.07512155730237
321			54.999845999254944
322			53.35602910508428
323			52.02656074795896
324			50.89714400258831
325			49.92406265441902
326			49.13760938718187
327			48.57144871190058
328			48.208408193639464
329			47.9030774374582
330			47.490138924760465
331			46.842888575017966
332			46.0934336644226
333			45.48024473781701
334			45.232133443366514
335			45.35267747792355
336			45.622656370049334
337			45.813684462518296
338			45.79410027854211
339			45.66253449984093
340			45.55115439333816
341			45.5778920450971
342			45.770589174668565
343			46.12194797970566
344			46.623278930969626
345			47.23844226725608
346			47.90527891774035
347			48.56074100579553
348			49.174171389366045
349			49.78895674398713
350			50.45878348442531
351			51.22627959193185
352			52.06675957480589
353			52.93020987236159
354			53.770039510106116
355			54.6088634053856
356			55.533095194175395
357			56.631530762263914
358			57.99243214649505
359			59.702870904407966
360			61.84975760810718
361			64.50434199438298
362			67.64459614128424
363			71.21409877550518
364			75.1537479210506
365			79.35323728981425
366			83.6557013802195
367			87.90306932521266
368			92.03628890644951
369			96.21494424156714
370			100.62785109648837
371			105.45915005137014
372			110.86529323327399
373			116.99257750635628
374			123.96988303952523
375			131.58710217720073
376			139.32603025389838
377			146.65822289715183
378			153.25420051252473
379			159.22560057313282
380			164.74331508785434
381			170.0120481263507
382			175.43865167323642
383			181.50477636494702
384			188.67013838538563
385			196.95597741786912
386			205.98017910283446
387			215.3456764379543
388			224.6694032414932
389			233.59987373236132
390			241.78992878969544
391			249.06256918368692
392			256.28247612524405
393			264.70835826231206
394			275.5693358706633
395			289.46661975545436
396			306.4099127323265
397			326.38440335718684
398			348.9964588292089
399			372.9722582730381
400			396.91326736572597
401			419.49967739199667
402			439.9118466305862
403			457.5259176134309
404			471.75902368535486
405			482.9199081202833
406			492.18688032305414
407			500.77319694859665
408			509.5181041649256
409			518.3551262269118
410			527.0833743628559
411			535.5068568404483
412			543.4622856195973
413			550.7997687386518
414			557.3682226821619
415			562.9871937205279
416			567.4462711428228
417			570.5341185254251
418			572.2204091921402
419			572.9367715893097
420			573.1874650937699
421			573.3760023870777
422			573.1900061566399
423			572.0071278988947
424			569.2265346428767
425			564.8477057372977
426			559.5165170981805
427			553.9108734247299
428			548.7326973468116
429			544.7491904751816
430			542.7385396734313
431			543.3744952640428
432			546.5318830378785
433			551.7165732598731
434			558.4298627727514
435			566.095890347492
436			574.0503268968125
437			581.6241898806741
438			588.3872383545597
439			594.6071379579638
440			600.6784049781966
441			606.9650948382312
442			613.5775308929266
443			620.5000672088299
444			627.713719997411
445			635.1156370347227
446			642.4997517895214
447			649.6536597452758
448			656.3971593547413
449			662.6522393898919
450			668.3611122124103
451			673.4682581901245
452			677.9389605388454
453			681.749681565378
454			684.8804279848151
455			687.4523210729362
456			689.7742539977202
457			692.1681197462404
458			694.8668103011046
459			697.7940153095401
460			700.8063208054434
461			703.7591129884439
462			706.4955231699948
463			708.8515124394539
464			710.6658056567945
465			711.920743124491
466			712.8066852370494
467			713.5302843249732
468			714.2961661583479
469			715.3011901808014
470			716.7403556986251
471			718.7959255561129
472			721.5036440059969
473			724.805454629098
474			728.6408490012853
475			732.8904274743285
476			737.3413582186827
477			741.7725154858725
478			745.9564906549933
479			749.6391486601816
480			752.5592491013973
481			754.4688269151113
482			755.2939651461722
483			755.0831704627702
484			753.8906490423024
485			752.0383262901609
486			750.3160219931823
487			749.5606973816073
488			750.5066830330009
489			753.4011176299923
490			758.3467244994774
491			765.406083431085
492			774.0347948470763
493			783.2177797331485
494			791.9300668511364
495			799.4352192630265
496			805.5552197366134
497			810.1759376408653
498			813.2454194124614
499			815.042728956667
500			815.9566502977468
501			816.3731709656977
502			816.6275376780421
503			817.0115009184631
504			817.8146386984432
505			819.1879258038275
506			820.9838727832264
507			823.0162252666926
508			825.0732595206331
509			826.7904642308829
510			827.7466145257822
511			827.5293083246694
512			825.9133463797078
513			822.8513090472447
514			818.3034817866329
515			812.4370952539124
516			805.9172981767659
517			799.4826030465563
518			793.82953610913
519			789.3695183738558
520			786.3954207433037
521			785.1824592961349
522			785.5686049547359
523			786.9310740020284
524			788.6253200049454
525			790.1355584173723
526			791.293401156836
527			791.9884614671524
528			792.1388655542133
529			791.8828793110993
530			791.4612426853026
531			791.1083973231863
532			790.8451206070978
533			790.4420784891156
534			789.6557684734141
535			788.3186839661525
536			786.4938695387667
537			784.2879260900138
538			781.8210223741105
539			779.332950942286
540			777.1257538732049
541			775.498979117608
542			774.634011319495
543			774.5584871123594
544			775.2897390071288
545			776.8153173524004
546			779.0210027460715
547			781.7708562358829
548			784.9319477771002
549			788.4017715788343
550			792.0954841146329
551			795.928293758537
552			799.8071089174617
553			803.6268325678876
554			807.2814292570522
555			810.6572181758684
556			813.6110822433776
557			815.9928209565986
558			817.6696176128326
559			818.7110786236605
560			819.3175658888025
561			819.6919179383206
562			820.0562125301514
563			820.6634501420463
564			821.769424362994
565			823.4957311817055
566			825.3826243337809
567			826.8129748980105
568			827.2111963458457
569			826.5610072158424
570			825.2468731329348
571			823.6616543993988
572			822.1682906695478
573			821.0763386720251
574			820.6898338029902
575			821.2048200794692
576			822.2922468510853
577			823.4636962939334
578			824.2559498590202
579			824.5999846745221
580			824.7389506449691
581			824.9231984268441
582			825.2287503787596
583			825.3869650580767
584			825.0887376320815
585			824.0497335496833
586			822.1204296772864
587			819.1969438329355
588			815.1883542464146
589			810.2386996982729
590			804.696836525562
591			798.9190364400655
592			793.3689667781778
593			788.7450009850663
594			785.7765228372956
595			785.0894663088986
596			786.6816587526814
597			790.3151476320548
598			795.7407412509825
599			802.4798274691663
600			809.8346672961662
601			817.0992255617125
602			823.7097898676566
603			829.445293708669
604			834.1351911454071
605			837.6227657907128
606			839.8446031375785
607			840.7758591833901
608			840.3945388958707
609			838.7461589738876
610			835.9465256458942
611			832.1148003985397
612			827.4086082734993
613			822.0871377469795
614			816.4261464069749
615			810.6855384582313
616			805.0069437522421
617			799.4785445585629
618			794.1861680214895
619			789.1551627531753
620			784.3426361617278
621			779.7020190560547
622			775.1631411731834
623			770.5878593880558
624			765.8258673944276
625			760.7470595514704
626			755.3870168753366
627			749.8625184660422
628			744.2931402237159
629			738.873710549949
630			733.8904878226807
631			729.6352154807304
632			726.3377983066075
633			724.0351839251933
634			722.7267893938314
635			722.4007197790637
636			722.9437916337204
637			724.1894432810899
638			725.9713644385512
639			728.1516309165345
640			730.629187265232
641			733.3054319213335
642			736.0265302591469
643			738.4534038810001
644			740.2081827285091
645			740.9504955613411
646			740.7034561675981
647			739.6943207619256
648			738.1520088239594
649			736.2786207939713
650			734.2393174306748
651			732.1965655854838
652			730.27329464566
653			728.4512086709739
654			726.6804923205666
655			724.932864207275
656			723.4037732149528
657			722.4213070063452
658			722.3143090143792
659			723.3621752321037
660			725.7727149827078
661			729.7481340551175
662			735.37939525569
663			742.3386262457051
664			750.1994005498717
665			758.5299622715298
666			766.8398897767939
667			774.6024178603807
668			781.2957411640867
669			786.7043364364
670			791.0742150970812
671			794.6895864953028
672			797.7995492483648
673			800.5154454806338
674			802.9148370040012
675			805.0788048189833
676			807.1289329769502
677			809.2127443176124
678			811.4763257639432
679			813.9538298276743
680			816.505706902239
681			818.9774414206539
682			821.1658216574674
683			822.6709969557232
684			823.0434889466129
685			821.8584010932989
686			818.9822550469606
687			814.4723044081902
688			808.3915598490942
689			800.9580715326388
690			792.6348060237469
691			783.9063455534144
692			775.281056485909
693			767.3648405228768
694			760.7885979453094
695			756.1327200677284
696			753.3708928973525
697			752.0758977840622
698			751.8144665353497
699			752.2220400095512
700			753.0431831292432
701			754.0321614883679
702			754.9952455119095
703			755.9522172592756
704			756.977645835662
705			758.1536010383334
706			759.6518321628593
707			761.7031481894293
708			764.5357636816207
709			768.1498614319312
710			772.1863133069324
711			776.2543873109677
712			779.9289618334708
713			782.6456897654929
714			783.8049958256181
715			782.7987623869648
716			778.9191035486963
717			771.3935459918328
718			759.4623978317887
719			743.1858452685892
720			723.8879235988164
721			703.0005766688698
722			681.8932246782052
723			661.6896652362623
724			643.4533883843925
725			628.1748073872438
726			616.0266868600219
727			606.6690247451075
728			599.7535648851224
729			594.9134293284403
730			591.7540686068771
731			589.8786887312771
732			589.0710444425799
733			589.7915828291716
734			592.6592566710965
735			598.2164949727968
736			606.2014992059901
737			615.8714665583258
738			626.4787627894251
739			637.3532468656551
740			647.9340858943402
741			657.6687007298949
742			666.1373415328192
743			673.3868972469126
744			679.5666735723073
745			684.826764999791
746			689.3249004829556
747			693.223091595785
748			696.6794725506418
749			699.6946072757256
750			702.0614316661421
751			703.5587352149457
752			704.0647881237478
753			703.779529793193
754			702.9677958000905
755			701.8336940401995
756			700.0504545265102
757			697.0169741911884
758			692.1228017904612
759			684.5223037849653
760			673.0851282380107
761			656.6643969595225
762			634.7351178172286
763			608.5893455105539
764			579.8492286437764
765			550.2399783491854
766			522.285195401193
767			498.8812012248155
768			482.87004429165006
769			475.56303489234574
770			476.59813722429334
771			485.527130859827
772			501.3292720822545
773			521.4996819373343
774			543.2961403050193
775			564.1845082048237
776			583.0324353168045
777			599.2863040957179
778			612.416389996586
779			622.3732091436179
780			629.5727702123598
781			634.4501824763875
782			637.4359869991681
783			638.950406203827
784			639.4122465380092
785			639.1910541654157
786			638.3731849274576
787			636.9439940025844
788			634.889843429525
789			632.2165810340978
790			628.9464800172199
791			625.1028748526928
792			620.7743163920271
793			616.1754635005396
794			611.5353873217985
795			607.0629240417038
796			602.8695690631117
797			599.0375840301097
798			595.646762860705
799			592.7436708761237
800			590.3510236148092
801			588.4901011314377
802			587.1195027404057
803			586.0958774163662
804			585.2665187906287
805			584.5156423716107
806			583.8729355766986
807			583.4039081853161
808			583.1627457193014
809			583.0849269592568
810			583.0350725927365
811			582.8730646505234
812			582.2996213193379
813			580.801591889764
814			577.8508200267553
815			572.9834712983669
816			565.9386289023329
817			556.4952918213007
818			544.5340337048111
819			530.7547569543542
820			516.253275841941
821			502.11921254027163
822			489.2060138150313
823			478.10995578208974
824			469.413811947273
825			463.50887448320094
826			460.31168832379115
827			459.66648525881624
828			461.3526920013901
829			464.7520565785869
830			469.09556425580087
831			473.64146363483013
832			478.14116071416385
833			482.771871787446
834			487.72376245986266
835			493.0665600194207
836			498.63895682653833
837			504.2534975829215
838			509.8125616912809
839			515.6313782203447
840			522.1437004247643
841			529.7463083375554
842			538.3858065396025
843			547.708453477971
844			557.3556623489859
845			567.001022488687
846			576.3651482558091
847			585.1723941653894
848			593.2113043358801
849			600.4864456470955
850			607.0477800194639
851			612.9315541473151
852			618.059002658995
853			622.2939403096535
854			625.5037900047497
855			627.6655362014784
856			628.8759846583866
857			629.2384575826203
858			628.9914066842895
859			628.7002332816168
860			628.9788122301647
861			630.3610173576919
862			632.9177164540514
863			636.5535980100203
864			641.1653881925427
865			646.5270452908992
866			652.3143914444245
867			658.2000360743621
868			663.8186019306493
869			668.7393618169367
870			672.5251362583156
871			674.934916901793
872			676.501862215351
873			677.9500781048239
874			679.9434887691073
875			682.5574799628757
876			685.5345843811912
877			688.6180325726025
878			691.6994840164692
879			694.8498123080407
880			698.1503989267933
881			701.5816023554636
882			704.8574790434957
883			707.6487199004787
884			709.6852489329242
885			711.0640229103433
886			712.022399427522
887			712.7895354909278
888			713.4521787713232
889			713.9789578139561
890			714.334833173351
891			714.4766279357685
892			714.346936707475
893			713.8869196693067
894			712.9471694058419
895			711.0231607000711
896			707.5233418641693
897			701.881924872184
898			693.7762707815311
899			683.0174312355084
900			669.4243109650515
901			653.0098045467922
902			634.009847091617
903			612.673860103388
904			589.638657898931
905			566.4861618076105
906			544.9397086449334
907			526.518544946186
908			511.60857307293526
909			500.2045472982926
910			492.26085487603245
911			487.1690268003042
912			483.90483472479684
913			481.4368117474959
914			478.87479299605207
915			475.5430663551238
916			470.7839324842948
917			464.2820635141628
918			456.83975127212994
919			449.4869655642537
920			443.17986577900336
921			438.32236796602587
922			435.068209579568
923			433.56795277534377
924			433.9325389792205
925			436.23584897893846
926			440.5472774160512
927			446.5879734926554
928			453.4143842619648
929			460.0081868698352
930			465.359136202473
931			468.4904444230225
932			468.4339846871038
933			464.26987586666496
934			455.5401848476507
935			442.0439078303841
936			423.60334363842793
937			400.6257579766275
938			374.17373783620013
939			345.3451829413556
940			315.38889354095244
941			285.8974472041968
942			258.5110572001282
943			234.67914864475162
944			214.90914657128718
945			199.41825617917917
946			188.42360136842615
947			182.14230603902678
948			180.79149409097957
949			nan
950			nan
