Nom de l'instrument : SAM_839E
Fichier_calib_utilise: /Users/mdlemineahmedou/Documents/Stage/pipeline_LOG/data/calibration/ALL_2023/Cal_SAM_839e.dat
Date : 2017-07-05
Heure : 13:39:43
InclX : -9
InclY : 6.8
Pressure : +INF
Comment : 
Mission : VITEL

l_onde		data
310			nan
311			nan
312			nan
313			nan
314			nan
315			nan
316			nan
317			0.2152762972103364
318			0.4607140026048564
319			0.6348847068750739
320			0.7397604498482178
321			0.7773132713515172
322			0.7495152112122003
323			0.6583383092574967
324			0.5072812686750312
325			0.3313467524108385
326			0.19515782171116292
327			0.16429465274999266
328			0.26106329595709643
329			0.4099680838455982
330			0.5220839891390522
331			0.5262122216601356
332			0.4574194688776561
333			0.39019239984201176
334			0.3957657903547197
335			0.48084995270515307
336			0.5935577861755038
337			0.6799736449047515
338			0.7055499825558121
339			0.6781525613394315
340			0.6112640474516442
341			0.5204049186760304
342			0.432967744444751
343			0.38063276775664806
344			0.3929004120820841
345			0.45808017315442806
346			0.5277802240113846
347			0.5524885442370691
348			0.5126294694554953
349			0.4532104153943012
350			0.42764491549752154
351			0.4779498200804053
352			0.5804477858640835
353			0.6879719475019445
354			0.7550106936632519
355			0.7675884078524267
356			0.7397124218224739
357			0.6863707413239545
358			0.6243240117761943
359			0.5741598536611752
360			0.5569644256261429
361			0.5881960264847166
362			0.6506649734206987
363			0.7154377634284409
364			0.7548906490087448
365			0.7666217021825772
366			0.7708351714977174
367			0.7884837525704879
368			0.8303803583045077
369			0.8851025876627426
370			0.9382786666397022
371			0.9773381634571693
372			1.000398419619683
373			1.0095034101937381
374			1.0069094257871976
375			0.9989562575756817
376			0.9957306076562114
377			1.0074237153110641
378			1.0365319937473607
379			1.0681677332117954
380			1.0850572018413929
381			1.0744562472377959
382			1.051534702944142
383			1.0420864160080414
384			1.0708120849698501
385			1.138955641134029
386			1.2254462865397966
387			1.3083480555337585
388			1.3713037798455092
389			1.4111184223573439
390			1.4264942422545102
391			1.418818154093134
392			1.4069173575071532
393			1.4165861535506792
394			1.4726407565430175
395			1.5770599004433776
396			1.7090284819126376
397			1.8467653964899955
398			1.9766041785311657
399			2.1051338330928293
400			2.2420517035678857
401			2.394148498660344
402			2.548022935350393
403			2.681704803175079
404			2.773936270733228
405			2.822459488211577
406			2.845135965788711
407			2.8607884122967246
408			2.884553264444217
409			2.9217089040184288
410			2.975903326931422
411			3.0491133423247065
412			3.13072562935751
413			3.204389030129654
414			3.2543265153719183
415			3.2824023446668793
416			3.3105085653426074
417			3.3616092202005996
418			3.4469289598321895
419			3.5436499762858866
420			3.6228189089301153
421			3.6592193122722683
422			3.6585940613001466
423			3.6419866300456496
424			3.6302375594316105
425			3.6334578544782317
426			3.6485696225185715
427			3.671685513011532
428			3.7002027939865747
429			3.7356051654303988
430			3.780187059266513
431			3.8366900906411696
432			3.911987977899229
433			4.015188217395856
434			4.155056331751304
435			4.325086682037478
436			4.498258388745686
437			4.646109887089061
438			4.751145984156745
439			4.83455906228833
440			4.9260685669088975
441			5.052616759948613
442			5.212102290457357
443			5.385118368584826
444			5.5521719017825335
445			5.701444208395975
446			5.832484687876613
447			5.94576150973082
448			6.043905665654379
449			6.138094568338798
450			6.241616335803556
451			6.366142773493407
452			6.503915513306317
453			6.634329578782951
454			6.736774971470103
455			6.806539361459959
456			6.86509962771722
457			6.936376634383597
458			7.037476283024046
459			7.155081699543916
460			7.267389939343331
461			7.353963711909793
462			7.413564379618728
463			7.459122337907854
464			7.50386334276106
465			7.557399887112333
466			7.622669804758866
467			7.701889829045509
468			7.795560813025784
469			7.895459895122596
470			7.9905986808617415
471			8.07073748189667
472			8.138193277565666
473			8.205682257950206
474			8.286184457574409
475			8.384751317676978
476			8.489877772218087
477			8.587984273887473
478			8.667806773970668
479			8.731599002216504
480			8.786506209160938
481			8.839289621290263
482			8.888740725033712
483			8.926208720848068
484			8.942784995761183
485			8.937456200674633
486			8.927993279740333
487			8.93490044075353
488			8.975825265886224
489			9.049100073781455
490			9.145056375098559
491			9.25397754406103
492			9.36557316570072
493			9.468945994868582
494			9.553178132445934
495			9.612998531635881
496			9.658559273053458
497			9.702621487500867
498			9.756192596982848
499			9.816418066542337
500			9.873859456670223
501			9.91933915022455
502			9.953572282306697
503			9.98917232549474
504			10.039456707027913
505			10.112305310567601
506			10.198429029972258
507			10.285158410510574
508			10.36022270452253
509			10.415073364839078
510			10.44319070311299
511			10.438364193183029
512			10.407142608723612
513			10.373596398222587
514			10.36306719528168
515			10.393179093394643
516			10.45321934452683
517			10.52597312844222
518			10.595770755793637
519			10.664178160698176
520			10.743545500300598
521			10.846245729238628
522			10.975740378117056
523			11.121464505043903
524			11.271621255044211
525			11.415393449635811
526			11.546162816830233
527			11.658435798646133
528			11.747760406883597
529			11.823753480338096
530			11.906135595002398
531			12.014669193273633
532			12.152055107547293
533			12.290098353679145
534			12.397348111342934
535			12.450643353306836
536			12.46839680867688
537			12.482026294418118
538			12.521467667132287
539			12.59196184052536
540			12.678400694206513
541			12.76510776990861
542			12.842609839276978
543			12.914403469725354
544			12.985612696423884
545			13.061493341980519
546			13.148076817876907
547			13.251677319015633
548			13.377897920205882
549			13.51752956639524
550			13.647365737913246
551			13.74369201872362
552			13.795670257800353
553			13.823649127166856
554			13.852606387611353
555			13.903810678117567
556			13.972823252581938
557			14.04431827843854
558			14.103420213287713
559			14.148308186080113
560			14.191300743093148
561			14.245416256741796
562			14.317869445147508
563			14.3995467476245
564			14.478484039820742
565			14.543421947561251
566			14.588878042075256
567			14.612199583787529
568			14.611065557840478
569			14.594126375357703
570			14.5836422731915
571			14.602718689983321
572			14.664387291351824
573			14.748699497494886
574			14.828968082941438
575			14.880893012222076
576			14.90343268103382
577			14.908660947383018
578			14.908701962888992
579			14.911029005386606
580			14.91651339578415
581			14.92552397771797
582			14.933957653968214
583			14.92067300913317
584			14.860471416869007
585			14.730448119957087
586			14.534413243639149
587			14.293435452105296
588			14.028881586533615
589			13.762765048216286
590			13.518148344802116
591			13.318189947734696
592			13.178715758519488
593			13.08311381525968
594			13.005805207958314
595			12.92259915890164
596			12.828756600750612
597			12.73386316638264
598			12.647790914294056
599			12.57565197693297
600			12.51374285733523
601			12.457404590996408
602			12.401691818092132
603			12.340192951774917
604			12.266028439465824
605			12.173148036963667
606			12.069578771517971
607			11.975104726878083
608			11.90978856154378
609			11.880013668592575
610			11.863302911300245
611			11.833519053818693
612			11.770905032209885
613			11.693386733208337
614			11.632675627827009
615			11.61890268039119
616			11.649040760789845
617			11.688821936260428
618			11.702808236343712
619			11.669731724380382
620			11.602289796516827
621			11.51816336040807
622			11.43347690165031
623			11.353783720219258
624			11.28024060043251
625			11.213797209755064
626			11.150494786454926
627			11.081186374420003
628			10.996492043269507
629			10.897064558761878
630			10.810779359481435
631			10.770084793656144
632			10.800813571647614
633			10.877309265760438
634			10.94978163357693
635			10.969554130169374
636			10.92746054211689
637			10.860910039586791
638			10.809980428741751
639			10.799890772389368
640			10.810439589295475
641			10.812776720304518
642			10.780105482459982
643			10.703867363175748
644			10.58505170450979
645			10.425119767575035
646			10.240814453939832
647			10.068840907656238
648			9.947247465980844
649			9.896618804978797
650			9.877773126949226
651			9.838753713241784
652			9.733637513631583
653			9.577346577141148
654			9.42005174122488
655			9.311692787558277
656			9.269516693327883
657			9.263776347788026
658			9.261083631557462
659			9.23623078295382
660			9.195109550190017
661			9.15100098692049
662			9.1166811325149
663			9.0991799848494
664			9.101878807108635
665			9.12788862416345
666			9.167159579408269
667			9.188984691054232
668			9.160849548972628
669			9.063219510715454
670			8.930860618831655
671			8.812736550778016
672			8.754040949625056
673			8.751947496683679
674			8.770534661745591
675			8.773495453158537
676			8.745522190269165
677			8.706990281156983
678			8.681742637221538
679			8.685152000462258
680			8.694008408399332
681			8.674122021312144
682			8.59327058876028
683			8.447025369422411
684			8.251535068069439
685			8.023489127659609
686			7.785072620467253
687			7.5684849810741435
688			7.406989302776647
689			7.322337891596802
690			7.279834987961883
691			7.227509258394367
692			7.116970707548347
693			6.955290013700969
694			6.793175170781826
695			6.68222821103401
696			6.640177596932991
697			6.619248838668896
698			6.5641811376045744
699			6.433050403045626
700			6.253488671677482
701			6.07573018160462
702			5.947386801559192
703			5.872075181305439
704			5.817039201536814
705			5.748493605011051
706			5.641682177012
707			5.490164946394134
708			5.289719543936869
709			5.041018743936812
710			4.771530981615274
711			4.517846643399111
712			4.314133525983765
713			4.151470857365853
714			3.98395245793085
715			3.7646409111594243
716			3.474354923278144
717			3.152244824950715
718			2.8448247712994488
719			2.591960251851349
720			2.3958583816874426
721			2.245482810153085
722			2.1297269626125703
723			2.036457614253648
724			1.952638112785553
725			1.86524133418587
726			1.7684819798427853
727			1.6721296856328354
728			1.587968448905352
729			1.524870808680251
730			1.474904725631787
731			1.424122115430003
732			1.3594568243145517
733			1.284581450574649
734			1.2180687951658336
735			1.178950339904815
736			1.174849408467302
737			1.1887045343539662
738			1.200230157269395
739			1.1923303963721796
740			1.1663673797503185
741			1.1303273054666987
742			1.0921600704887462
743			1.0589748807607577
744			1.0371345273571877
745			1.0329469063117378
746			1.0475365274965156
747			1.0709010662357
748			1.091598285675708
749			1.1001926412318788
750			1.098692639561165
751			1.0931575263547493
752			1.0891590334737
753			1.083306948700899
754			1.0643917280882196
755			1.0209990527320398
756			0.9510426243458063
757			0.8719849131851936
758			0.8037481425050796
759			0.7628277888280197
760			0.74680274997389
761			0.7467601528717593
762			0.7540027351992891
763			0.763655457850768
764			0.7740696727196952
765			0.7837183003434427
766			0.7938839649272301
767			0.8115028173713029
768			0.8441888783228613
769			0.8967725922778961
770			0.9594850802706602
771			1.017787565006422
772			1.0579445071272793
773			1.0790892083293584
774			1.090692702201459
775			1.1024684108531728
776			1.1185786271525466
777			1.132643955755377
778			1.1371065883952478
779			1.1272234064455233
780			1.1120097860094054
781			1.1046784923849335
782			1.117429356826135
783			1.1478312426594863
784			1.18246043922777
785			1.207694171532687
786			1.2158708608128268
787			1.209826898440661
788			1.1934666742893925
789			1.1715061603394403
790			1.152285805901574
791			1.1451574757295317
792			1.1585166566951464
793			1.1885601803450205
794			1.2230694862963143
795			1.2497628049361063
796			1.263197653191279
797			1.268902961107007
798			1.2733961104542124
799			1.281387761294637
800			1.2903679412869273
801			1.2960230822443917
802			1.29452729782946
803			1.2874409640670819
804			1.2796696235584406
805			1.2760797103411978
806			1.2771476781865296
807			1.2770506755402342
808			1.26947908673266
809			1.2492509443651965
810			1.2151312787355055
811			1.1667481948050344
812			1.1044962442771844
813			1.035961566120004
814			0.9726661323788259
815			0.9259383242419948
816			0.898615258845933
817			0.8828364400005698
818			0.870060449063066
819			0.8539311939534378
820			0.8346532181469051
821			0.8136571084838434
822			0.7921231837246748
823			0.7692725420190706
824			0.7434033614545172
825			0.7129577618034493
826			0.6803742026923231
827			0.6524267305458445
828			0.6360969513416187
829			0.6344445398997417
830			0.6406258189203944
831			0.6462580304317138
832			0.643824160783415
833			0.6313618966016071
834			0.609102920924714
835			0.5774756986419122
836			0.5406807645505347
837			0.5063707198349641
838			0.4823047288699948
839			0.47295935174826564
840			0.47596550032376994
841			0.48809768636035966
842			0.505257952999492
843			0.5188454443653143
844			0.5188108410662002
845			0.49618910621505086
846			0.4577750984829903
847			0.42225748769666177
848			0.4084433085279542
849			0.42173436574167505
850			0.4448479665010212
851			0.458308879784184
852			0.44838034677930333
853			0.4246479703638889
854			0.40262153598560724
855			0.39642226506790534
856			0.40530971345040956
857			0.4195301899899501
858			0.42930207785873403
859			0.42901346147341857
860			0.4186757550414671
861			0.3986990481355226
862			0.37243106162826195
863			0.35239970628913625
864			0.3529212301804467
865			0.3844000862795081
866			0.4264877245563177
867			0.444296548030434
868			0.40445980722972
869			0.31430099318859844
870			0.22401644774217164
871			0.18574893835907683
872			0.22453354999668676
873			0.30143821613149413
874			0.36830824578984284
875			0.38540154322258935
876			0.36116530590120666
877			0.3211753359747084
878			0.29014366846960404
879			0.2786440647291854
880			0.2858838778158251
881			0.31067427373550455
882			0.3453937244083801
883			0.3711199044432573
884			0.36778436694962974
885			0.3242888167326856
886			0.26638151715615227
887			0.2292703249387247
888			0.24323378792088787
889			0.28705288408376994
890			0.3088482893758635
891			0.2576468241099992
892			0.1325924640467517
893			-0.0026060720259059493
894			-0.08000476815332026
895			-0.05759114380080086
896			0.03199387467427785
897			0.1427566500458781
898			0.23250546376150716
899			0.2854423881382359
900			0.2969636353327027
901			0.2634341517321189
902			0.1998743743833993
903			0.1385763443757002
904			0.1123285497692205
905			0.13336145871812458
906			0.17293276028860208
907			0.19744328172285378
908			0.1824754128764883
909			0.14593015212123162
910			0.11789278683015296
911			0.12501854607089422
912			0.1540067642339281
913			0.16574621307784598
914			0.12155593976958183
915			0.020412875450942208
916			-0.0872403976333477
917			-0.14726617752537244
918			-0.124699243830549
919			-0.04213262505114196
920			0.067084245123476
921			0.1709644703684069
922			0.2471684563739547
923			0.27752052073801675
924			0.24535550224493843
925			0.16376987490331024
926			0.07326948780715518
927			0.015201324566167991
928			0.00914842697847913
929			0.03253017556557489
930			0.05793625828417265
931			0.06495932479047777
932			0.06370652957882174
933			0.07259422329567061
934			0.10659953669407901
935			0.14434865653848297
936			0.14263238389266783
937			0.05935066217753148
938			-0.09784671378900953
939			-0.2594051164268179
940			-0.35195204655591095
941			-0.33197460030578224
942			-0.23479889482891664
943			-0.10861190732345298
944			0.0034859248355799087
945			0.08890641053705522
946			0.14638682285902896
947			0.17468313411393638
948			0.17255131661421266
949			0.13874734267229305
950			nan
