Nom de l'instrument : SAM_839E
Fichier_calib_utilise: /Users/mdlemineahmedou/Documents/Stage/pipeline_LOG/data/calibration/ALL_2023/Cal_SAM_839e.dat
Date : 2017-07-03
Heure : 20:37:29
InclX : -7
InclY : 5.44
Pressure : +INF
Comment : 
Mission : VITEL

l_onde		data
310			nan
311			nan
312			nan
313			nan
314			nan
315			nan
316			nan
317			0.02751950038278018
318			-0.013019058453588793
319			0.030979202774113417
320			0.12741008626010247
321			0.24416939419859413
322			0.349152928783804
323			0.41025649220994787
324			0.3973192819474815
325			0.3202840626091663
326			0.2267994504252645
327			0.16587755261383488
328			0.16408452658062223
329			0.19725754528254366
330			0.23426807802186894
331			0.2493316412828177
332			0.2487003153830847
333			0.2505103859742789
334			0.27194152435097524
335			0.3111829308109244
336			0.3491777502547277
337			0.36629781519786603
338			0.35363103876303204
339			0.32573198513258167
340			0.30026296769239696
341			0.29258283846032457
342			0.30463070808193854
343			0.333499071117225
344			0.3759839677985747
345			0.42341833287554126
346			0.46226744678004955
347			0.47887425648400317
348			0.4683479813988902
349			0.4447097243471703
350			0.42444215421375014
351			0.42115369032443484
352			0.431884641367949
353			0.44775124604846295
354			0.4602232366076097
355			0.4675264953369797
356			0.47388186356452316
357			0.48370690838248226
358			0.4993474022073542
359			0.5186762927193217
360			0.5389838549129393
361			0.5579353935945321
362			0.5753718126022551
363			0.5919166014827416
364			0.6082770421978624
365			0.6267355618185289
366			0.6509863812143463
367			0.6847521903213124
368			0.7275369342731096
369			0.7695933624162093
370			0.799947111817331
371			0.8100279116392808
372			0.805529516439262
373			0.7973862111787482
374			0.7961451505892495
375			0.8045305025954914
376			0.8180882716279319
377			0.8321049933596312
378			0.8433157568761834
379			0.8517282178413295
380			0.857799201326355
381			0.862228490429502
382			0.8672131213608725
383			0.8755199822074518
384			0.8898002860621247
385			0.910245881020562
386			0.9347089891112397
387			0.960955024105905
388			0.9884154875044634
389			1.0204527038291378
390			1.0609956183037157
391			1.1129495357559263
392			1.1725699017734448
393			1.2334556546937134
394			1.289531286647644
395			1.3423429763260568
396			1.4010440237241424
397			1.4751043535964596
398			1.5691228052599757
399			1.6755391890725015
400			1.784927430545093
401			1.8883630322064406
402			1.98040588319484
403			2.0570945507527525
404			2.114761407856844
405			2.1571098016051615
406			2.1956483120194044
407			2.2422519536027847
408			2.3036466442147563
409			2.372788271774234
410			2.4403553517879346
411			2.498440169098193
412			2.549785846630814
413			2.6019895297525992
414			2.6623888400149522
415			2.7300110596724445
416			2.7944489158896957
417			2.844789431331161
418			2.874885870687903
419			2.8924128783008904
420			2.907536158398755
421			2.929260814442684
422			2.956976689773464
423			2.9853216100026767
424			3.0090026884127363
425			3.0262750722501375
426			3.039755202424719
427			3.052327853536922
428			3.068277057704188
429			3.096337950869581
430			3.1461287503692366
431			3.2257573606074033
432			3.329375954692263
433			3.4435923622854743
434			3.555142986639745
435			3.6592616580809754
436			3.762597629407727
437			3.8726020134576764
438			3.99384996303771
439			4.120770712015773
440			4.245557249411358
441			4.361298636397734
442			4.470455001200286
443			4.581070158515103
444			4.701154593964251
445			4.832984485088475
446			4.97034179661457
447			5.10632198985756
448			5.234934274840465
449			5.35379855190617
450			5.461426451783837
451			5.556735186417484
452			5.643517580002842
453			5.728790055379749
454			5.819561625996436
455			5.918235447959003
456			6.019627164800507
457			6.117844351003537
458			6.2087555021062055
459			6.2960900674850055
460			6.385770215854649
461			6.483042043872481
462			6.583648523836186
463			6.676319110791313
464			6.7497046591869525
465			6.80111493699258
466			6.843855031490208
467			6.892958093036751
468			6.960779872710177
469			7.046063943990884
470			7.143238640058383
471			7.246806826436761
472			7.352548570439577
473			7.457301695379328
474			7.557949335927358
475			7.653517184982762
476			7.747505030610781
477			7.843973251734881
478			7.945155984760183
479			8.042625842984911
480			8.124097478723467
481			8.17796622727202
482			8.20661869075947
483			8.225506766812464
484			8.250565205871213
485			8.292616932148396
486			8.350322889657082
487			8.420574357836461
488			8.500743770820632
489			8.591456922110979
490			8.694687218383358
491			8.812176986299782
492			8.939667203428938
493			9.066551917475877
494			9.181924573793426
495			9.277532124143288
496			9.352368985795517
497			9.40665559203727
498			9.441722414119996
499			9.467674070125712
500			9.49878256557077
501			9.54904789089672
502			9.622690695922484
503			9.712169696864903
504			9.809246313689197
505			9.90750619803979
506			10.006294994956964
507			10.106092416527247
508			10.206413926808821
509			10.297773081584625
510			10.365776768911914
511			10.396317448768695
512			10.390090003778608
513			10.368116704383459
514			10.352894666197582
515			10.362987041226384
516			10.402512469130048
517			10.472275202462894
518			10.572455315429629
519			10.696270298620746
520			10.83258119711144
521			10.970280789883235
522			11.10442311959919
523			11.239759982643324
524			11.38189490698697
525			11.534378029345639
526			11.691958624168915
527			11.847028577600552
528			11.992499970679333
529			12.128311777591637
530			12.259449440271297
531			12.390950424669533
532			12.522290703467428
533			12.642875284428671
534			12.741047885613733
535			12.80858921116504
536			12.854516634497672
537			12.893239497855935
538			12.938661986235482
539			12.99626505031056
540			13.064588758845513
541			13.141961646710564
542			13.22599179961546
543			13.312780978564156
544			13.398241928871121
545			13.479315622478488
546			13.558994299533358
547			13.642476521575437
548			13.734641199710238
549			13.833646174854664
550			13.931297875735776
551			14.019165607590246
552			14.092544897500588
553			14.155756329214187
554			14.21446008392132
555			14.273349861908493
556			14.330420824540546
557			14.38083129963568
558			14.419949988074084
559			14.449029024188789
560			14.475692845274107
561			14.507879650662234
562			14.549552424174777
563			14.59349008802436
564			14.630519069611388
565			14.652501892222405
566			14.659794116198213
567			14.656911399216211
568			14.648381907081088
569			14.638171735866777
570			14.629549745837053
571			14.625740933874349
572			14.628220400916799
573			14.632734312222409
574			14.633858275731727
575			14.626787952700639
576			14.612760193960913
577			14.596418485711071
578			14.582250731723223
579			14.565464774797372
580			14.528095328198448
581			14.45117454811653
582			14.320199697502282
583			14.137680319242362
584			13.910176966867189
585			13.644328379632286
586			13.347683864197915
587			13.028380978475058
588			12.694607645762721
589			12.357311766683921
590			12.031919572169464
591			11.73426693471596
592			11.475797362068832
593			11.248523394520893
594			11.03908618046646
595			10.834703859100276
596			10.630680651624957
597			10.428275561545426
598			10.22889433359778
599			10.034801211925423
600			9.849850426009466
601			9.678068533285003
602			9.522895683238657
603			9.384769856254799
604			9.263170850773422
605			9.15752819318386
606			9.066425342246077
607			8.987739137901482
608			8.919324938320763
609			8.8590713329713
610			8.80493702274813
611			8.754889600093904
612			8.707446867998865
613			8.664376315702555
614			8.628634267789632
615			8.602974583101005
616			8.585921326182326
617			8.572013345568463
618			8.555638922011891
619			8.532599331355414
620			8.502082774919446
621			8.463774395485073
622			8.417486407310793
623			8.363894091435188
624			8.304031675068904
625			8.239012056385075
626			8.171921809743601
627			8.107933679089248
628			8.052318169825025
629			8.008910315932493
630			7.977650149659437
631			7.9578234144149125
632			7.948421310876381
633			7.9461426301793505
634			7.946611673008706
635			7.945506659949737
636			7.940401711132644
637			7.931105862092845
638			7.9175558223090645
639			7.898307999764205
640			7.867699465490285
641			7.8192638724383645
642			7.747604306499478
643			7.656822137580822
644			7.5559911770852555
645			7.454107729703103
646			7.355400661304963
647			7.257871183732847
648			7.1591009315193705
649			7.057692279937493
650			6.955740919551322
651			6.856089227551834
652			6.761274532588584
653			6.670757973592148
654			6.582218590985226
655			6.493399085409244
656			6.406261202240806
657			6.328831328981104
658			6.2696057195342
659			6.233859766504695
660			6.2146240180123105
661			6.202019622758962
662			6.186729648126381
663			6.16583065995233
664			6.140459093750622
665			6.111822687492827
666			6.081532569585098
667			6.0518330241017555
668			6.025023734089046
669			6.002034153786657
670			5.978061403495078
671			5.946803808712424
672			5.902860797819511
673			5.852309316605409
674			5.80913658093068
675			5.78733246148876
676			5.78889343197608
677			5.795436180805878
678			5.786596991229165
679			5.74649294835623
680			5.679651762610799
681			5.596409606093241
682			5.506358732819437
683			5.4085813881720926
684			5.294378535395308
685			5.1549729258366
686			4.991772564197066
687			4.824745443744923
688			4.675830875838949
689			4.56219249946534
690			4.477574402807863
691			4.408553268463561
692			4.3421039619658615
693			4.2713883560070265
694			4.194436356187986
695			4.109428678966665
696			4.0168516105125205
697			3.921649828119434
698			3.829277556997311
699			3.74411182409363
700			3.6649116477830876
701			3.58861047957634
702			3.512311937797485
703			3.435977694574599
704			3.3619322999448364
705			3.2925418787647103
706			3.225986989417782
707			3.1519573835627765
708			3.0591148057091972
709			2.9385853390193555
710			2.7949846778819514
711			2.6375207368863602
712			2.4751765532363357
713			2.3128798730136504
714			2.1520775516681168
715			1.9941037326982807
716			1.8403398133868314
717			1.6922664984743216
718			1.5513770293432052
719			1.4195700907122604
720			1.3010408186343112
721			1.2007919510569354
722			1.123438223583019
723			1.0664142031874757
724			1.0208360810371149
725			0.9776309020322838
726			0.9324811989094199
727			0.8912839596778301
728			0.8612589426344545
729			0.8474477742194126
730			0.8423201724703305
731			0.8338451077605661
732			0.8106229946040009
733			0.7732434701619882
734			0.7329685231983226
735			0.7014059671731272
736			0.685193969077656
737			0.6802174543358617
738			0.68095686167446
739			0.6824114302395046
740			0.6825825888675221
741			0.6805491694163323
742			0.6754808920927267
743			0.6682242706296605
744			0.6611145745421182
745			0.656533442496483
746			0.6559048891208125
747			0.6585972604316838
748			0.6637128804917788
749			0.669953352022364
750			0.6737349868529261
751			0.6706651947183662
752			0.6566436774616516
753			0.6329090460670748
754			0.6053581309067655
755			0.5800199615479339
756			0.5590199987821038
757			0.5363029793632766
758			0.5047842882249799
759			0.46038112350971394
760			0.4155815128533489
761			0.3885602431219703
762			0.39624252455776826
763			0.4338973047696387
764			0.4785131832872153
765			0.5066019360986412
766			0.5080042073917234
767			0.49938023554977695
768			0.5006059847342831
769			0.5268384493997251
770			0.5684845322423053
771			0.6078647734887981
772			0.6283085278232583
773			0.6293263946429764
774			0.6234276084851812
775			0.6234280736557307
776			0.635375001995084
777			0.6524617439994479
778			0.6664447687089095
779			0.6709232733530219
780			0.6685039015685708
781			0.6645412544517284
782			0.6642229387835563
783			0.6703172213727514
784			0.6837746647059435
785			0.7054648178501776
786			0.7330584206569845
787			0.7585929470570993
788			0.7735327773754547
789			0.7716440062229997
790			0.7569720470576778
791			0.7364307715667151
792			0.716688981274613
793			0.7012881168677735
794			0.6916121708175522
795			0.6889723202788831
796			0.692700028688342
797			0.6989509520450379
798			0.7035946271118345
799			0.7039935992018069
800			0.7034772793943422
801			0.7068655042198161
802			0.7183178093248885
803			0.7347009557649092
804			0.7483524885695519
805			0.7516624998456524
806			0.7429450589180304
807			0.7290147155172025
808			0.7173428097111563
809			0.7130505607943697
810			0.7130332886233305
811			0.7123875875578123
812			0.7061890545160657
813			0.6893162669435225
814			0.6565399768877631
815			0.6029371850477434
816			0.5347496251419473
817			0.4722847808179812
818			0.43674018471521225
819			0.43873843411362223
820			0.457154790177857
821			0.4649316116154626
822			0.4393987379550382
823			0.392233348807214
824			0.35129245012298843
825			0.34361297190787227
826			0.3717522666778514
827			0.4117100524966029
828			0.4381786877053184
829			0.43545185763655614
830			0.41206776344817886
831			0.38033244826286894
832			0.3520480458048962
833			0.33578355779307595
834			0.33883096294452275
835			0.3676843508424393
836			0.41317467153962706
837			0.45179851787783587
838			0.45962748512782464
839			0.4291416303128318
840			0.38703974279168246
841			0.36430142280262884
842			0.38257121766450214
843			0.4153145201243433
844			0.4204987632037302
845			0.3599857674074858
846			0.25231284738734705
847			0.15878965864203098
848			0.14120165628086725
849			0.21698624032092312
850			0.3285344776428917
851			0.4109839374333199
852			0.4166015193003861
853			0.36727133540884704
854			0.30256117347500455
855			0.2594512069398272
856			0.24722661507347016
857			0.2583762213647834
858			0.2850701033231396
859			0.31595342480810135
860			0.3349175913701978
861			0.32552375293524594
862			0.2839490545723148
863			0.24579602163918696
864			0.25434739947252066
865			0.3427046480675003
866			0.46392794408971544
867			0.5332364775529655
868			0.4692822222279588
869			0.2833172307595616
870			0.0841606705670782
871			-0.01492054961983023
872			0.042698071840564344
873			0.17997953922923635
874			0.30061587531454376
875			0.32553302148201607
876			0.2743767951387045
877			0.20188242084372557
878			0.1603721717023395
879			0.16291783204396254
880			0.19103591356373845
881			0.2253825336434668
882			0.2494335114061456
883			0.2516182480090822
884			0.22086853454824965
885			0.15630471748302618
886			0.09889852043565447
887			0.10036614425484916
888			0.20385176974837377
889			0.3629458465349576
890			0.47792088216530537
891			0.4506519724367949
892			0.27119055331479913
893			0.043183549039740955
894			-0.12226281238350957
895			-0.15194063283854392
896			-0.08174621478455883
897			0.03290946603784037
898			0.14135204712592156
899			0.225789820753433
900			0.2823772772860617
901			0.30768629642211687
902			0.3056628426515795
903			0.2870799468235475
904			0.262931343597484
905			0.2393413323222064
906			0.21272927489738905
907			0.1783641221144015
908			0.13532793106600838
909			0.1002776923931534
910			0.094930536402026
911			0.13765344623221298
912			0.20779566472374264
913			0.2595018976165976
914			0.24731949119068816
915			0.16180348524723626
916			0.04271931582282199
917			-0.06662827027517529
918			-0.13231836628377622
919			-0.14860155691332042
920			-0.1149930758657323
921			-0.03359609804951743
922			0.07516255702930022
923			0.1829473258645723
924			0.2620288751028296
925			0.2973760370247258
926			0.285652188990181
927			0.2240781445255865
928			0.1243994027856626
929			0.026500387862763874
930			-0.026511265631626153
931			-0.005197548298862437
932			0.06031591567263721
933			0.12368413633268843
934			0.14228378634510308
935			0.1128293971158547
936			0.05566507397729812
937			-0.008741959652490307
938			-0.06696396418067144
939			-0.11433258434816058
940			-0.1467185439686023
941			-0.1551643220818869
942			-0.11796426476505355
943			-0.011333139331335878
944			0.1790660628014758
945			0.4108939944491467
946			0.6207743112803108
947			0.745295935222564
948			0.7210477882035018
949			0.4846187921507199
950			nan
