Nom de l'instrument : SAM_839E
Fichier_calib_utilise: /Users/mdlemineahmedou/Documents/Stage/pipeline_LOG/data/calibration/ALL_2023/Cal_SAM_839e.dat
Date : 2017-07-02
Heure : 13:21:09
InclX : -9
InclY : 4.08
Pressure : +INF
Comment : 
Mission : VITEL

l_onde		data
310			nan
311			nan
312			nan
313			nan
314			nan
315			nan
316			nan
317			0.01563586976329699
318			0.01673261574143324
319			0.028171182253638818
320			0.04543487148020263
321			0.0640069856014136
322			0.07937082679756063
323			0.08700969724893265
324			0.08270631549880524
325			0.06842210411600386
326			0.051927776806702144
327			0.0412029549246173
328			0.04050730550978279
329			0.04569321027427153
330			0.051458628881875204
331			0.05336526589666509
332			0.05215281509042533
333			0.05048178444214134
334			0.05087527393849392
335			0.05312175589006573
336			0.054526270764150536
337			0.05231405369854263
338			0.045733950926003075
339			0.03846622135587298
340			0.034777987322577884
341			0.03812657092884915
342			0.04725147707269027
343			0.05918834407830162
344			0.07101940984458394
345			0.08074870484596529
346			0.08720158135348152
347			0.08923832423184049
348			0.08685241164905352
349			0.08248201189448791
350			0.07888349351843466
351			0.07833180514298806
352			0.08032683411972726
353			0.08337622085439285
354			0.08604586644473407
355			0.08801555407512299
356			0.0899534519467329
357			0.09255904753545913
358			0.0959858457031211
359			0.09920862227510112
360			0.10104860062306872
361			0.10071520358170505
362			0.09966985195859389
363			0.10018403376733062
364			0.10442211424674706
365			0.11248937671975795
366			0.12264556084272484
367			0.13308631285835879
368			0.1422481797424436
369			0.14909597456681034
370			0.15266458154094004
371			0.15235142124601422
372			0.14970492504218758
373			0.14706379471296593
374			0.14667078918304893
375			0.1488453586763886
376			0.1521421767855944
377			0.15505340108173205
378			0.15671366900204456
379			0.15770910615051692
380			0.15882505915975037
381			0.1606710851489688
382			0.16277342080038695
383			0.16424599296069195
384			0.1642707958581519
385			0.16348016837978802
386			0.16388618124335097
387			0.1675520269299747
388			0.17553867055790212
389			0.18654250884656198
390			0.19891909045444997
391			0.211146645258659
392			0.22250037523528607
393			0.23257385934899422
394			0.2410137086050029
395			0.24866294560132543
396			0.25755871815285414
397			0.269787132233853
398			0.2863905308054654
399			0.3058058529890497
400			0.32607022114751544
401			0.3453665705859445
402			0.3628907790795659
403			0.3782685894040245
404			0.39114565626787323
405			0.4016365926821996
406			0.41035259850298966
407			0.41792894242090806
408			0.42510826083472547
409			0.43292031945104253
410			0.4424423711908819
411			0.45455247721306047
412			0.4686280583998208
413			0.48336263249627426
414			0.497460250735707
415			0.5100346241287522
416			0.5206645418975894
417			0.5289543069576244
418			0.534897174304211
419			0.539614301026761
420			0.544430128672163
421			0.5504840348731666
422			0.5573821933191324
423			0.5639730434072407
424			0.5691292638602177
425			0.5727436832126537
426			0.5759631126146354
427			0.5800112867622004
428			0.5858835289670355
429			0.5938485752083714
430			0.6040310094126299
431			0.6165625622605208
432			0.6316410025235223
433			0.6494997985739978
434			0.6703602956220845
435			0.6939203435468035
436			0.7191745298966274
437			0.745068042358927
438			0.7707201263932195
439			0.7958640749520326
440			0.8203685221581911
441			0.8441703872180357
442			0.8679207105095001
443			0.8926960366462776
444			0.9195631351854491
445			0.9487664531184722
446			0.9793323335653266
447			1.0101886723297067
448			1.0404088995957192
449			1.0696415266107469
450			1.0976770921053598
451			1.1243147709417438
452			1.149457555485396
453			1.1730770789094986
454			1.1951520875712855
455			1.2160804292883114
456			1.2369503635351506
457			1.2589145792185146
458			1.2828247913142035
459			1.3081891326027564
460			1.3341409596323883
461			1.359809090506606
462			1.3842587895376588
463			1.4065084169255717
464			1.4255867107548008
465			1.4416884815667412
466			1.457162586278978
467			1.4745905953880856
468			1.4960708261341895
469			1.5212446857241864
470			1.5489747083951597
471			1.578153194668676
472			1.6081761651522977
473			1.638856812545843
474			1.6700205892956792
475			1.7014423302823607
476			1.732791170665614
477			1.76372300174356
478			1.7937434023438612
479			1.8214804337350832
480			1.8452446201442592
481			1.8634545205523065
482			1.8767410450509387
483			1.8878010368137603
484			1.899408164066775
485			1.9136650517064546
486			1.9310777884162669
487			1.9519201541987983
488			1.9763986485215912
489			2.0042648490541777
490			2.035081894828016
491			2.0683813968511644
492			2.102906562130198
493			2.1365667943345072
494			2.1672324565640895
495			2.19342255466343
496			2.2154277185824514
497			2.2338382746997207
498			2.249338180777494
499			2.2633514913448685
500			2.2776537788649214
501			2.2939925739217033
502			2.3131228254754914
503			2.3346056720238755
504			2.3579314185593025
505			2.382625959119497
506			2.408327559798905
507			2.4346966112740174
508			2.461202416516022
509			2.4855303453740487
510			2.5043933997495467
511			2.5145753704891716
512			2.51642082536574
513			2.5151641596650918
514			2.5163945447049745
515			2.524597543525216
516			2.540206550671124
517			2.562725164327424
518			2.5916026225884483
519			2.6256817877028173
520			2.6634261163019244
521			2.7032996397678417
522			2.744166038195336
523			2.7855180338677505
524			2.82690359640891
525			2.867841839974755
526			2.907728203801611
527			2.945924999711641
528			2.981873737520992
529			3.0160856987503184
530			3.049840437368786
531			3.084417228708493
532			3.119468617123143
533			3.1517014002366115
534			3.1775119495419824
535			3.19434702894637
536			3.2049211765682073
537			3.213596793804938
538			3.2245656598398753
539			3.2391755015151045
540			3.2564305003440577
541			3.2752665537150865
542			3.2948799110621545
543			3.3150111693457736
544			3.3354692310004617
545			3.356129451868763
546			3.377258276084707
547			3.3992647404479728
548			3.422512559835711
549			3.446417652353684
550			3.4695002680371805
551			3.4902477966492986
552			3.5078568692645864
553			3.5232419274610236
554			3.5375723890060207
555			3.5518016303532156
556			3.5653856769549703
557			3.5771464255975
558			3.585957919968108
559			3.592145958818799
560			3.597608726001527
561			3.6043216324660787
562			3.6131171511654583
563			3.6216121585806955
564			3.6268621577267885
565			3.6262821606881572
566			3.620234130587995
567			3.6105235192672804
568			3.5989488780319587
569			3.586718874272089
570			3.574310436649415
571			3.562154851894071
572			3.5504236477873565
573			3.5384379345099854
574			3.5253450617746123
575			3.5103495506058326
576			3.493212943053998
577			3.4740108861156047
578			3.4527905377019836
579			3.428066422485914
580			3.3961774785527736
581			3.3532970696335864
582			3.296658955562043
583			3.2275370583244753
584			3.1481673543728355
585			3.060761339969219
586			2.9672454099339873
587			2.869361775820232
588			2.7688592987872758
589			2.6681495249861067
590			2.570719271098708
591			2.480153710889657
592			2.3992384511825127
593			2.3272219701498167
594			2.2623749611869854
595			2.2029876575727267
596			2.147624510341344
597			2.095051910976965
598			2.0440492116986118
599			1.994243457109246
600			1.9468316619829338
601			1.903180999736709
602			1.8643312966028711
603			1.829646494975063
604			1.7979556567720452
605			1.7681627976487817
606			1.7404478892988278
607			1.7160565564643104
608			1.6962613265779793
609			1.6813699999863518
610			1.6696549947282504
611			1.6591306011832891
612			1.6481175116857567
613			1.636746108011955
614			1.6258088120883163
615			1.6160631409707054
616			1.6075232885348552
617			1.5995031064573653
618			1.591289697233227
619			1.582331550643061
620			1.5724639990780556
621			1.5615791338197886
622			1.549606093839553
623			1.5367256452315996
624			1.523223204847986
625			1.5093724764892258
626			1.4951401339311827
627			1.4801683211695205
628			1.4640848451860389
629			1.4472952250778586
630			1.432315220516951
631			1.422015072880183
632			1.4187443441517076
633			1.4208001778374382
634			1.4245802815540591
635			1.4265315438633828
636			1.4249964933082513
637			1.4205522678588287
638			1.4139043144356394
639			1.4055228623307179
640			1.3951591222489361
641			1.382427394157721
642			1.367015750738321
643			1.3492674849876576
644			1.3298689039334928
645			1.3095085844332648
646			1.288846056997156
647			1.2685029092044877
648			1.2490981301784871
649			1.230911026181927
650			1.2130583954246834
651			1.1944085531872732
652			1.1740090504802707
653			1.1527148985548517
654			1.1324282066932272
655			1.1150419543055974
656			1.1013660715272642
657			1.0906536654049297
658			1.0820372229178465
659			1.0748111364241275
660			1.0688853187905705
661			1.0643159317817685
662			1.061105159183835
663			1.0586410245236106
664			1.0559215597403913
665			1.051953798339639
666			1.046690058449137
667			1.0415663629783058
668			1.038148553969022
669			1.037636993249783
670			1.0397030610503812
671			1.0436183650651338
672			1.048632211993829
673			1.0537098743392173
674			1.0576208690997733
675			1.059143450979873
676			1.058038856145117
677			1.0557386524546322
678			1.0538367222111238
679			1.0532560671901914
680			1.0518637425983057
681			1.0466571414801897
682			1.0348235535931811
683			1.0162324947124663
684			0.992739316984343
685			0.966243842205452
686			0.9384269869674854
687			0.9105707697728967
688			0.8839148408318995
689			0.8594174114050466
690			0.8366565365643746
691			0.8147878832985804
692			0.7930276976508225
693			0.771530868619257
694			0.7511908239942408
695			0.7329142695114897
696			0.7168138543044771
697			0.7014667220348443
698			0.6852745239968355
699			0.6669787043559637
700			0.6470928594713828
701			0.6267064449735253
702			0.6068729220795314
703			0.5880395218401641
704			0.570152278349731
705			0.5531404322537822
706			0.5366857228915706
707			0.5199678104287182
708			0.5021055668164051
709			0.48235235727205567
710			0.4606977534075071
711			0.43738195094966936
712			0.41264332429417677
713			0.3866842356542788
714			0.3596761359067673
715			0.33179134260546295
716			0.3035085558875301
717			0.27595036242822424
718			0.2503206335829981
719			0.22771983958093667
720			0.20866278150006495
721			0.19345829588996963
722			0.18235213035200473
723			0.1744294150840973
724			0.16775396486607816
725			0.16035999340276097
726			0.15122496036723254
727			0.1413523518017611
728			0.13200802383214072
729			0.12430376180470246
730			0.11846207353152378
731			0.11438710515221061
732			0.1119659315159592
733			0.11077200920955678
734			0.11009962372890461
735			0.1092345571447988
736			0.10769308116031685
737			0.10549019725945863
738			0.10270604629265936
739			0.09950934600387103
740			0.09658139012314307
741			0.09478742175514848
742			0.09494251436832322
743			0.09691729267484743
744			0.09974384430719074
745			0.10242630941420255
746			0.10418067627160943
747			0.10467769361163615
748			0.10364696024794383
749			0.10097425097466242
750			0.09743600327041695
751			0.09412391378440477
752			0.09205960178914298
753			0.09098210890081455
754			0.08951142264665002
755			0.08623595886752898
756			0.080712153485357
757			0.07452512581426719
758			0.06951525728619248
759			0.06715469332993924
760			0.06688281597554942
761			0.06744140572229082
762			0.06761909078218309
763			0.06702392720647352
764			0.06595566131543505
765			0.064737855778994
766			0.06398649931541754
767			0.06490598378652676
768			0.06877125182918008
769			0.0763162226091653
770			0.08543725086956888
771			0.09310360087331221
772			0.09645926278842092
773			0.09544655439715512
774			0.09225573177725716
775			0.08913283903726366
776			0.08746101137662178
777			0.08698470539815814
778			0.08726519641582717
779			0.08793044823281813
780			0.08893440490062637
781			0.09033045928392308
782			0.09213254930368811
783			0.09378494571414311
784			0.09430391556478707
785			0.0927073104189714
786			0.08905727510007984
787			0.0852550080407351
788			0.08338880160432778
789			0.08496296219266461
790			0.08887374970162469
791			0.09328964502016698
792			0.09648003612631192
793			0.0980017382558458
794			0.09829971412195322
795			0.09783616435564053
796			0.09704830263755818
797			0.09633325920495561
798			0.09608455304205252
799			0.09646883680371013
800			0.09674608318372399
801			0.09594979105482525
802			0.09327788561113971
803			0.08974431884363762
804			0.0874908957392022
805			0.08863358465261395
806			0.09318637320674983
807			0.09814705815014411
808			0.10028040398922536
809			0.09736504132181228
810			0.09072833773208214
811			0.0824736493446288
812			0.07464950294507547
813			0.06878996038066604
814			0.06614752561064785
815			0.06790870048384623
816			0.07296676438741302
817			0.07732590893351045
818			0.07680742292095921
819			0.06927609241934334
820			0.05873154900802273
821			0.05031989652049053
822			0.04844838349839974
823			0.05174013884498323
824			0.05609359572115328
825			0.05750030984932009
826			0.05487062979548267
827			0.050281471580295396
828			0.04596685745008943
829			0.04350730918891588
830			0.04283318060781136
831			0.04361837279330668
832			0.04542625491629458
833			0.04711101256188889
834			0.04724671786795158
835			0.04450631670427717
836			0.039524923592654845
837			0.03473336114464896
838			0.03261989432762302
839			0.034284354793548986
840			0.03793109083332054
841			0.04140222175308271
842			0.04291331708857959
843			0.04260736087358001
844			0.04124733540728844
845			0.03957389933955631
846			0.03799916372709304
847			0.03668728855269412
848			0.03579203149224875
849			0.03513578981698204
850			0.03398022857965114
851			0.031532816049723335
852			0.027505622092604532
853			0.023661523913868932
854			0.022284330400932882
855			0.02539957857540119
856			0.03226854773556331
857			0.040476060564276266
858			0.04759565941027898
859			0.05171869262452142
860			0.051634830511346846
861			0.046183701732768555
862			0.0355726183326205
863			0.02428294579487887
864			0.01762865211442475
865			0.02006774801835531
866			0.029329042969794616
867			0.03995999295257955
868			0.04659848015063838
869			0.04665038087298232
870			0.04043803979215334
871			0.028428454147956105
872			0.01264081282223472
873			-0.0012429226610409213
874			-0.007012701348520838
875			-0.0001407241839897745
876			0.014264479528911094
877			0.02766920348169622
878			0.032089823716945645
879			0.028402824155943668
880			0.024607736824630338
881			0.028834072863356732
882			0.04302836494258789
883			0.05827504261761003
884			0.06455690610154419
885			0.055093530800439605
886			0.03640014538608652
887			0.018405363068826994
888			0.010144732529590611
889			0.011323749635435774
890			0.016093041586122903
891			0.018632795703588792
892			0.017066626922627365
893			0.014598374468430247
894			0.014765506650928354
895			0.019444348096307806
896			0.025729013919422953
897			0.029858260269253884
898			0.028605668225665883
899			0.0224576961259564
900			0.01347550854921459
901			0.0038201504188350643
902			-0.0024544786959615097
903			0.0004579611975419636
904			0.018377923329641593
905			0.05021439057362483
906			0.08110156839692247
907			0.09454081743667428
908			0.07896109399784176
909			0.04550306488308982
910			0.01184650709086075
911			-0.005662514288050936
912			-0.006215931682793009
913			0.0009571436981653399
914			0.006593560534056472
915			0.007276706539063005
916			0.007580220242658168
917			0.012651507885338722
918			0.024786385688515742
919			0.03771983086441303
920			0.04358698298444215
921			0.036024078320349893
922			0.0192957099139303
923			0.0022538198132813513
924			-0.006584706476955143
925			-0.005738130940458181
926			-0.00020382851407000938
927			0.00480117025059495
928			0.0067070820162971586
929			0.008072681306723489
930			0.01204420011530915
931			0.020696425784625196
932			0.03143546340742122
933			0.040396121137776395
934			0.04397496769315484
935			0.04133540223963567
936			0.03330281131927171
937			0.02080908085570665
938			0.007750808039276936
939			0.0017136454041884739
940			0.010504172047428864
941			0.036664681629973814
942			0.06883804600686948
943			0.09339975070286448
944			0.09881507765558892
945			0.0860852143511862
946			0.060864396371332244
947			0.02881454184699745
948			-0.004402431090847867
949			-0.0331246043112333
950			nan
