Nom de l'instrument : SAM_839E
Fichier_calib_utilise: /Users/mdlemineahmedou/Documents/Stage/pipeline_LOG/data/calibration/ALL_2023/Cal_SAM_839e.dat
Date : 2017-07-02
Heure : 13:16:34
InclX : -14
InclY : 4.08
Pressure : +INF
Comment : 
Mission : VITEL

l_onde		data
310			nan
311			nan
312			nan
313			nan
314			nan
315			nan
316			nan
317			0.022074618388707834
318			0.04196669433388449
319			0.04353620457262493
320			0.03272419624329764
321			0.015471716484271194
322			-0.002280187566085933
323			-0.014590468769405214
324			-0.015759135294970375
325			-0.005060570743369153
326			0.013553874240035575
327			0.035951081446926186
328			0.05793836805053522
329			0.07518843216683509
330			0.08335548708563163
331			0.07952856874605627
332			0.06939820664255429
333			0.06184571927306818
334			0.06529520229637209
335			0.0791737103709504
336			0.09473770209543346
337			0.10296937486464097
338			0.0992271281367783
339			0.08845260458669318
340			0.07685658053757519
341			0.06976719617719618
342			0.06737043961407249
343			0.0679951814243846
344			0.0699985354290304
345			0.07231737981217831
346			0.07440516570628515
347			0.07573595158267432
348			0.07624726017239236
349			0.07687646700657182
350			0.07869108820925448
351			0.08250927371211719
352			0.08771174549241047
353			0.09316526084026362
354			0.09774162784139773
355			0.1004192960489256
356			0.10027134157455696
357			0.0963830149664119
358			0.08946981885773458
359			0.08376682851999283
360			0.08396761222678963
361			0.0935329794214682
362			0.10877233762299651
363			0.12342266034034376
364			0.13148715484987317
365			0.13210050563002673
366			0.12899671162903548
367			0.12606597600450448
368			0.1259066238747892
369			0.1282840484710794
370			0.13258787262834798
371			0.13806312475630758
372			0.14309692164091925
373			0.14576118769964108
374			0.14426675794801588
375			0.13958390432217718
376			0.13521488428467385
377			0.1347464987636802
378			0.1396873018021719
379			0.14685067967174906
380			0.15240559303009907
381			0.15335493231289424
382			0.1518407635196083
383			0.1519611137477151
384			0.15762307925960636
385			0.16863263956422544
386			0.1808943281989532
387			0.19016417836524604
388			0.19393928858322473
389			0.19382447602570013
390			0.192016677737478
391			0.19064377994651904
392			0.19138509512949617
393			0.19574073807189155
394			0.2051435648023584
395			0.21949556389251568
396			0.23717078198734487
397			0.25647735009322037
398			0.2758315042395509
399			0.29391932834130235
400			0.3094683162880602
401			0.32160104650140175
402			0.33218469535004197
403			0.3442511712901135
404			0.3607140805010165
405			0.3813557368123223
406			0.40264268252327834
407			0.42088411968286366
408			0.43361292025291226
409			0.44163436930053107
410			0.4462949637390935
411			0.4489774926683899
412			0.45133815768307983
413			0.45515776563192034
414			0.46215377874237024
415			0.4721728325281633
416			0.4829376519063722
417			0.4920570683525949
418			0.49816056578302004
419			0.5028373655323881
420			0.5082101293985564
421			0.5160342618780271
422			0.5250225411114516
423			0.5323840298739796
424			0.5353889895282988
425			0.5337832776741109
426			0.5303557899121047
427			0.5280821184746274
428			0.529456114114139
429			0.535439185328527
430			0.546688710133808
431			0.5636375764568554
432			0.5846443184290014
433			0.6069460930834413
434			0.6278069343236643
435			0.6460798616234106
436			0.6627525337338298
437			0.6789625864249093
438			0.6958051650084993
439			0.7142255153752821
440			0.7351358443378235
441			0.7592975749968883
442			0.7858952437396983
443			0.8131738097463896
444			0.8393841018880487
445			0.8637557906508628
446			0.8869685015760811
447			0.9098190457691752
448			0.9329996842170138
449			0.9567895467054299
450			0.9813657322137218
451			1.006836176490493
452			1.0324773835449117
453			1.0570161413526473
454			1.0791865928243995
455			1.0989415878027815
456			1.1182416271455957
457			1.1392345663323746
458			1.1633057901017039
459			1.1884369262327448
460			1.2116601650876555
461			1.2302352213301289
462			1.2446201076875265
463			1.2576332520304863
464			1.272134684820066
465			1.2896099436014923
466			1.3090055114497232
467			1.3289935633006018
468			1.3484736222344076
469			1.367501073045029
470			1.3864977239742586
471			1.4059361632794796
472			1.427136887782866
473			1.452122617227319
474			1.4829240195884519
475			1.5194611291479672
476			1.5572465499086183
477			1.5912406479276386
478			1.6171990392726128
479			1.6355199744235827
480			1.6482816798120472
481			1.657554282857974
482			1.6651955611063347
483			1.6728649959864654
484			1.6822138415644239
485			1.6947109361365698
486			1.711391117139216
487			1.7332260714415435
488			1.7608093174228139
489			1.7921773621473656
490			1.8243075422202704
491			1.8542431572881393
492			1.8807957102276616
493			1.9046467270905418
494			1.9265670367548677
495			1.947035885435634
496			1.9657361258337611
497			1.982215888904609
498			1.996218973391363
499			2.0090358079324195
500			2.0226914117896655
501			2.0391767917609607
502			2.0592176036067666
503			2.0820176239078014
504			2.106690241178285
505			2.13217049999867
506			2.1568303257511094
507			2.1789307730437812
508			2.197007448749114
509			2.2121590910365936
510			2.226881523363331
511			2.2436266268573726
512			2.2622829075985527
513			2.2792187236493335
514			2.290547056107097
515			2.2942712403515277
516			2.2953355111915013
517			2.3002767378579696
518			2.315154060072169
519			2.340697641216417
520			2.3743033371287057
521			2.4133178590301543
522			2.455209711387936
523			2.4976390997497493
524			2.538283066331892
525			2.5754803908504766
526			2.6104060687576607
527			2.64499480081707
528			2.680996382771373
529			2.717662889646638
530			2.752452621215243
531			2.782800137873972
532			2.8076175948850195
533			2.828492832857825
534			2.847295659157882
535			2.865549490317544
536			2.8830405742896006
537			2.8990117385617893
538			2.9127668062216094
539			2.9246260590006896
540			2.9357473570650283
541			2.947312184020878
542			2.960283645525144
543			2.975168259708013
544			2.9924152514707703
545			3.012337480415493
546			3.034445275868154
547			3.0579563607693525
548			3.0820683059512373
549			3.105568033521416
550			3.126854402490165
551			3.1443142809233784
552			3.1573553230898055
553			3.1678575678087073
554			3.178068032207042
555			3.1899329730432666
556			3.203314120597723
557			3.2171904074673905
558			3.230547102387347
559			3.242623107309611
560			3.2529320324347673
561			3.261001598584741
562			3.2666747074432196
563			3.270681005617896
564			3.2739049461655383
565			3.276999385398632
566			3.278718745558919
567			3.2768875494339147
568			3.2693879967273207
569			3.256352175724385
570			3.2407031146990377
571			3.2255374392592775
572			3.2129858528558
573			3.202016753243793
574			3.190952404188018
575			3.1782092658264545
576			3.1631215550994356
577			3.1455410133092894
578			3.1253111837756227
579			3.101604715890135
580			3.0726419191145253
581			3.0365706232874743
582			2.991706051355476
583			2.9370012023725574
584			2.8715609443844157
585			2.7946882741047885
586			2.7079936364015045
587			2.6145781502600043
588			2.517579881075332
589			2.420954958564617
590			2.329986900976576
591			2.2500806453654025
592			2.1848878182774416
593			2.1303037415479715
594			2.080079625948892
595			2.0283040066697686
596			1.9737922837207387
597			1.9188408323174155
598			1.8658218711113734
599			1.8165907276750548
600			1.7720454205483767
601			1.732980211901313
602			1.6998084413322891
603			1.670993280510362
604			1.6443754792373313
605			1.6179370280183278
606			1.5920614458953557
607			1.5691379606724343
608			1.5516066958827688
609			1.5401354871971884
610			1.531652995331556
611			1.522613677961433
612			1.5102321961182683
613			1.496213169092448
614			1.4839037812304534
615			1.476494302896812
616			1.47387458544695
617			1.4728249004886207
618			1.4700071889467452
619			1.4629316390212193
620			1.4511416733701559
621			1.434479037867879
622			1.4132214582869411
623			1.3906078266239343
624			1.371108572579705
625			1.3590358071068374
626			1.3545669377896474
627			1.353509003624514
628			1.351461888225592
629			1.345535299152464
630			1.3369356935044947
631			1.327557707150189
632			1.3192599306460115
633			1.3136204159086884
634			1.3120857217321367
635			1.316019024815131
636			1.3241761433406292
637			1.3322393013607727
638			1.3357147878332465
639			1.3313930749025775
640			1.319990155035026
641			1.3029694921693478
642			1.2817755539654327
643			1.257684090583284
644			1.2318825269763687
645			1.2055600724173383
646			1.1800066641738858
647			1.1566438194097106
648			1.1369018431117295
649			1.1215559188965512
650			1.1091391865296805
651			1.0977055550113062
652			1.0854808146335106
653			1.0724240518403327
654			1.059498486360263
655			1.047654514209627
656			1.0366030630585918
657			1.0242733937745199
658			1.008456732303078
659			0.9883522818344403
660			0.9685119946511421
661			0.9547596468724454
662			0.9522825139853386
663			0.9590257811958648
664			0.968335908469898
665			0.9735291305855687
666			0.9706023751207673
667			0.9597601454788898
668			0.941575093666861
669			0.9180175244117611
670			0.8969048039566523
671			0.8875830903948688
672			0.8984143552458347
673			0.9252248043748844
674			0.9552010321050952
675			0.9754485899236901
676			0.9800813716279294
677			0.9751221998619493
678			0.9677511471543846
679			0.9635981376800227
680			0.9612319716844578
681			0.957211992715756
682			0.9482333178786363
683			0.9329102178629369
684			0.9112778447330385
685			0.8834271293618995
686			0.8516194933434766
687			0.822071515946095
688			0.8014198668840574
689			0.7940923151123421
690			0.7936843405353975
691			0.7904762694190324
692			0.7753294908332817
693			0.748105768704033
694			0.7157485010758762
695			0.6853702532791812
696			0.6614549390792687
697			0.6434033221860792
698			0.6300352149203067
699			0.6199370776942559
700			0.6104783498132335
701			0.5986330006616664
702			0.5815870458834519
703			0.5600712784300635
704			0.5377471134760375
705			0.5183504672498532
706			0.5036912997010222
707			0.4916725912505057
708			0.4797242927218015
709			0.4653817115462086
710			0.44675686959228667
711			0.4221581175659771
712			0.3900777539752488
713			0.35226660945662874
714			0.31327250100817744
715			0.27772495934747016
716			0.24876513641827844
717			0.22640624181995883
718			0.21026661155520085
719			0.19938913206887704
720			0.1895573147309073
721			0.17540843391187552
722			0.15201861526730978
723			0.12258988134002871
724			0.09747484861736977
725			0.08723231004763952
726			0.09562485842157144
727			0.11181732391800608
728			0.12308412884447796
729			0.11919914724573745
730			0.10436278028349463
731			0.08794013094088343
732			0.07893520135876235
733			0.079433870799212
734			0.08536376773840729
735			0.09244083281839459
736			0.09700151975828762
737			0.09672493855168014
738			0.08946556425438146
739			0.07452588078508735
740			0.0595876969778743
741			0.05533993011465319
742			0.07175801557513968
743			0.10537653702737704
744			0.1407965005170415
745			0.1622455229773407
746			0.1613225855335433
747			0.14545029255653402
748			0.12409896717400346
749			0.10574325395547383
750			0.09317949959872715
751			0.0871941591686415
752			0.08839330115020114
753			0.094141220529364
754			0.09897375206464916
755			0.09735294729215292
756			0.08716191199206236
757			0.07345326842974104
758			0.06218175399044647
759			0.05822387591761912
760			0.060504016325376185
761			0.06590391350411286
762			0.07136201167911708
763			0.07482720759751423
764			0.07510133482796404
765			0.0710238414572194
766			0.06293259751207482
767			0.054180512838427806
768			0.048482006900770654
769			0.04867064972755084
770			0.05296012486330573
771			0.058054704209118645
772			0.06072031136123573
773			0.05872087160704492
774			0.050622019872598845
775			0.03504614007140554
776			0.014425155177037127
777			-0.001574632802297436
778			-0.002478219725776096
779			0.018538780305494718
780			0.05045615280093548
781			0.07680972051592186
782			0.08229843819351018
783			0.06842391058498865
784			0.049311949825063164
785			0.03930956411453064
786			0.04527257372736626
787			0.06086443552625464
788			0.07840649697895177
789			0.0912195302596312
790			0.0970876787276928
791			0.09504059568314376
792			0.0845433619561005
793			0.0706139962693618
794			0.06210127962902047
795			0.06782522521917668
796			0.08969806253348443
797			0.1185507265243267
798			0.14421580082920013
799			0.15839473723839356
800			0.16025799058378115
801			0.15084165046474618
802			0.13151854023473467
803			0.10738058074686847
804			0.08582945792182846
805			0.07419278453620877
806			0.07445325486765024
807			0.08092399032095024
808			0.08732541481025596
809			0.08811908238873396
810			0.08036065293711253
811			0.06167302938697277
812			0.030820429202165274
813			-0.0027239498604592744
814			-0.02362606774176992
815			-0.01692550228872972
816			0.01659371150040991
817			0.05631208025392437
818			0.08035065815920374
819			0.07543541840774817
820			0.054125424095127876
821			0.03380739384081339
822			0.02979060850023883
823			0.04112115273702047
824			0.05918409031782881
825			0.07545830023888035
826			0.08513345951624887
827			0.08742505065141289
828			0.08175443391425276
829			0.06917564357576228
830			0.05486541389342154
831			0.0446411882289622
832			0.04319626996354505
833			0.04801137037100455
834			0.05371836992971119
835			0.05510313163060509
836			0.05012404206031524
837			0.03964287038677424
838			0.024632823852140186
839			0.006769470471182779
840			-0.010806896062372983
841			-0.024772742840667685
842			-0.03219197664241643
843			-0.03212811975016121
844			-0.024287917865786986
845			-0.008660637128207771
846			0.010665110722326105
847			0.026506985166501268
848			0.03169400693716867
849			0.025786744769286815
850			0.019736977065040153
851			0.02559748356274255
852			0.051634617097281774
853			0.09072589275698201
854			0.13183986111073298
855			0.16405909598378923
856			0.17768655640776107
857			0.16376533603894097
858			0.11374725324647637
859			0.03595445906423224
860			-0.03853927882499531
861			-0.07705901382339707
862			-0.06144022819961013
863			-0.018863949279649524
864			0.014655304124722983
865			0.007691425172133036
866			-0.035109392651582604
867			-0.09204711341330277
868			-0.14161050507403325
869			-0.16963441530060563
870			-0.1696938126162763
871			-0.13576298906795012
872			-0.0702138115543128
873			0.00476573844689304
874			0.0641306414533736
875			0.08749529557563591
876			0.08116432169427044
877			0.06092922551491155
878			0.0420610825508497
879			0.031328491726624746
880			0.028664520099727187
881			0.03378946528215352
882			0.04475590723538083
883			0.05668662094498765
884			0.0644072419665501
885			0.06314636234945437
886			0.04978779253285381
887			0.021640286111881613
888			-0.02240266369403706
889			-0.06689146607890313
890			-0.08651946409024748
891			-0.05667465775159937
892			0.015751859291433842
893			0.08328430485483947
894			0.09579312318159655
895			0.02796113460960719
896			-0.07409734298269716
897			-0.1514915602948958
898			-0.15482792136634124
899			-0.10064424556369636
900			-0.03344119725159677
901			0.0036613493325842778
902			-0.0026701132497947777
903			-0.038192313965613775
904			-0.08760224345065498
905			-0.13287479130922042
906			-0.15055961433001136
907			-0.11656326901088085
908			-0.01791945507379639
909			0.10705217156305666
910			0.2052658051973633
911			0.22843897705026647
912			0.18423964642712518
913			0.1164784254262387
914			0.06897399195737144
915			0.05948937978074766
916			0.07017832788164326
917			0.08063309883391175
918			0.0766737906410121
919			0.0628172621071231
920			0.04707439658917531
921			0.03521572238430772
922			0.017149170222343368
923			-0.02406385048361401
924			-0.10377125942491924
925			-0.20509655341040928
926			-0.281485717007288
927			-0.28557970488480955
928			-0.20626084541756814
929			-0.10262250771636826
930			-0.04180047777757546
931			-0.07284412222411797
932			-0.16599356165441845
933			-0.27002890978514804
934			-0.3364227932723815
935			-0.3451098071777733
936			-0.2931211605637074
937			-0.178587836445557
938			-0.030287968398673336
939			0.0848653874484817
940			0.09765634087409196
941			-0.016785553695361922
942			-0.1662443779136772
943			-0.2394041368471083
944			-0.14641889691066418
945			0.07376642316136725
946			0.3344026173586745
947			0.5486615510233279
948			0.6297150894973977
949			0.49073509812295396
950			nan
