Nom de l'instrument : SAM_839E
Fichier_calib_utilise: /Users/mdlemineahmedou/Documents/Stage/pipeline_LOG/data/calibration/ALL_2023/Cal_SAM_839e.dat
Date : 2017-07-05
Heure : 15:47:29
InclX : -7
InclY : 12.24
Pressure : +INF
Comment : 
Mission : VITEL

l_onde		data
310			nan
311			nan
312			nan
313			nan
314			nan
315			nan
316			nan
317			-0.022271779284675896
318			0.0518045860932033
319			0.19734410967871305
320			0.39282961755689993
321			0.6167439358128106
322			0.8475698905314917
323			1.0637903077979896
324			1.243285754744058
325			1.3515086874188778
326			1.3422265037643941
327			1.1689829291525737
328			0.8370108628604758
329			0.4683633575170841
330			0.20113428695017707
331			0.14826531124967476
332			0.271915271130746
333			0.4783089815625291
334			0.6756863372561748
335			0.8132785744336581
336			0.8775429121068159
337			0.8563987081339353
338			0.75928723016966
339			0.6427795842713795
340			0.5696884027111118
341			0.5881724941471675
342			0.6610189194240031
343			0.7201822460666212
344			0.7019675005102453
345			0.6254576731345596
346			0.5834913343395334
347			0.6711347771465818
348			0.9190096742332063
349			1.218708349735906
350			1.4437271022068527
351			1.4937470330837823
352			1.419386976348974
353			1.3252348461345551
354			1.311029032332622
355			1.3844641426577051
356			1.4715612429956355
357			1.4957428475396466
358			1.4236159592939388
359			1.3150191413396342
360			1.2419361863829428
361			1.263501297949192
362			1.3643064621080532
363			1.5021300502853243
364			1.6357117199376687
365			1.7427584196783905
366			1.8179773756693491
367			1.8567285477917377
368			1.864384380530227
369			1.8682734829927576
370			1.89863680987428
371			1.9763429298091952
372			2.066651912493182
373			2.1143935478539975
374			2.068295564226794
375			1.9548700826118162
376			1.872002102635174
377			1.9199470738670419
378			2.1375253296184074
379			2.424763212964939
380			2.662637182777936
381			2.7520171685523724
382			2.7163685997969544
383			2.625816535729432
384			2.5487081308055664
385			2.514032559631662
386			2.513337236151299
387			2.5367075462476647
388			2.580716545410141
389			2.6572437346520954
390			2.7803750101494353
391			2.9587315041884836
392			3.1654336880950833
393			3.359420114476932
394			3.501791836723139
395			3.604068986256813
396			3.7280944202710553
397			3.937786764419057
398			4.257797887866184
399			4.61476338899289
400			4.920277609595118
401			5.103329130772479
402			5.2137419235705025
403			5.352619184143965
404			5.617322585975165
405			6.0048408224327465
406			6.4058761617635245
407			6.706102915675937
408			6.839376348681047
409			6.868400183292806
410			6.877187894064717
411			6.940131132737424
412			7.059134141496425
413			7.203065685890239
414			7.34133003064707
415			7.463900128738763
416			7.584100136431207
417			7.716508561936825
418			7.866783893839443
419			8.014717915447935
420			8.135440392706148
421			8.207950142984986
422			8.243300017164565
423			8.268384490129014
424			8.309630918734527
425			8.373504429384452
426			8.441932291724937
427			8.495340587711057
428			8.52976362284486
429			8.590886194190473
430			8.734243559949945
431			9.007144277248994
432			9.380879789639891
433			9.785647369366728
434			10.15221929840581
435			10.452393147698844
436			10.713079759718939
437			10.96506180011809
438			11.232439397126829
439			11.515737774506002
440			11.810286051159876
441			12.112358556975872
442			12.428114579725998
443			12.76960329200502
444			13.148605426261785
445			13.558428517796145
446			13.965015812143236
447			14.332098969926497
448			14.63591021040967
449			14.90207787859693
450			15.168429656013947
451			15.468912480915904
452			15.790821724023905
453			16.090608233959372
454			16.324725889924725
455			16.48887186035358
456			16.643391201864286
457			16.854661932254643
458			17.169091153127635
459			17.543933502478584
460			17.911575601644696
461			18.207812667035036
462			18.416360937621427
463			18.55630343342195
464			18.647582194840606
465			18.713497484629574
466			18.78355309657931
467			18.887923026350716
468			19.051878852451047
469			19.27576775250444
470			19.552035539463937
471			19.87233037836783
472			20.214996013140972
473			20.54735770076189
474			20.836525273455035
475			21.068246458712018
476			21.26718868106763
477			21.462895887695773
478			21.67824732480684
479			21.897214008948858
480			22.089687689525537
481			22.226738845718575
482			22.303874162893987
483			22.33941929331043
484			22.35259127488916
485			22.367581449782456
486			22.42041595007321
487			22.548842963639142
488			22.781211592981368
489			23.082318401723327
490			23.390635090787278
491			23.646566260609987
492			23.84194494420666
493			24.022994054183666
494			24.238507060177916
495			24.510904614536766
496			24.79057585574981
497			25.01572472603016
498			25.134429726780535
499			25.172821493658535
500			25.19410246996279
501			25.260775203476026
502			25.404928405413784
503			25.62207106857382
504			25.905537777531727
505			26.239721514614835
506			26.580782241922726
507			26.879321210692737
508			27.089936211666288
509			27.204535438071503
510			27.235363854198347
511			27.195093080826275
512			27.106201034238815
513			27.004632100130806
514			26.92730769453548
515			26.907434737894047
516			26.964581468959395
517			27.115186642452812
518			27.37256337738919
519			27.715158956814108
520			28.099605325794904
521			28.482446301995516
522			28.835624441512724
523			29.155319726506196
524			29.43984085697757
525			29.694119423483958
526			29.95147281369512
527			30.252821800510848
528			30.635060881127455
529			31.08069847931544
530			31.53318485193014
531			31.935348035514487
532			32.25216992577592
533			32.488749474686124
534			32.65441321509768
535			32.76115868051457
536			32.83437861575623
537			32.903656050942026
538			32.99763197413127
539			33.12927261790358
540			33.298627961698855
541			33.505331473571275
542			33.74400690596246
543			33.998803631149045
544			34.25255668182274
545			34.492025594223136
546			34.72706619766475
547			34.97595534062281
548			35.25574163849596
549			35.55765020773098
550			35.84850295495463
551			36.09420614486462
552			36.27353030311411
553			36.39640370411028
554			36.47737939550078
555			36.532263395753986
556			36.585545882308864
557			36.6653947769274
558			36.79895748607657
559			36.9858075999455
560			37.1956537136437
561			37.39672441259872
562			37.56796573121504
563			37.71847668788718
564			37.86262035863673
565			38.01174028184703
566			38.15242838228072
567			38.25915263878525
568			38.30726942193331
569			38.306260502472114
570			38.3079395002716
571			38.36675126084142
572			38.51513588354328
573			38.713492741117484
574			38.907501578713884
575			39.04638494259575
576			39.11388294812391
577			39.113200216810526
578			39.04788533119526
579			38.92747529483431
580			38.77000772846706
581			38.59416716740629
582			38.407090415825415
583			38.171916845069916
584			37.84130903740374
585			37.37344569156806
586			36.79074735938433
587			36.15713657289593
588			35.536879348440735
589			34.97035623675523
590			34.45919130909763
591			34.001463506321045
592			33.59190985206889
593			33.21048337816979
594			32.833050309449284
595			32.436797191695646
596			32.017409921852995
597			31.584197757197423
598			31.146794402729938
599			30.71564251180084
600			30.302682951973903
601			29.92001897230408
602			29.57833508534141
603			29.281052452396796
604			29.029274040243763
605			28.82327569237173
606			28.649313639741223
607			28.48193521239509
608			28.29540507175094
609			28.07673964165004
610			27.839859028850157
611			27.60209527145431
612			27.382385450613782
613			27.209146448160308
614			27.114263149064655
615			27.12716036903571
616			27.22620750048639
617			27.341670676864
618			27.402018912642333
619			27.358879043727697
620			27.21938681469358
621			26.99882242984117
622			26.716351422766266
623			26.417528401247132
624			26.15888308805968
625			25.99493060405749
626			25.92796347559516
627			25.90507510922326
628			25.870745894134764
629			25.79070251831432
630			25.688321281848925
631			25.596662562095336
632			25.544177122398775
633			25.523439359074537
634			25.510207818969825
635			25.480673715093296
636			25.427724154367162
637			25.36392761903285
638			25.302980038419705
639			25.25187856667205
640			25.197143389859146
641			25.12139560597403
642			25.007925320414415
643			24.845964500008392
644			24.6278557322275
645			24.346540682227268
646			24.01747027100131
647			23.685499018226135
648			23.39746063003328
649			23.180343022287424
650			22.99321519680947
651			22.78062867257064
652			22.492573584280937
653			22.133884498107207
654			21.741168461237802
655			21.351572398702693
656			21.009710496231197
657			20.770930711445338
658			20.69141249389167
659			20.79536839304783
660			20.98548144078259
661			21.135559013727708
662			21.128819204234283
663			20.955555022401793
664			20.674052020225318
665			20.34359835298321
666			20.018347477071885
667			19.74439350136056
668			19.567125369164582
669			19.514028885816515
670			19.53769231765029
671			19.57112097519993
672			19.55184014553622
673			19.47494740052061
674			19.37521895549884
675			19.287955328535894
676			19.22812580816241
677			19.17615183190767
678			19.109097650681154
679			19.007457207241846
680			18.86734712918947
681			18.689329952310757
682			18.473768547666303
683			18.218202031085898
684			17.91807889821926
685			17.568932651719223
686			17.179330364647022
687			16.781589419395537
688			16.41054979767243
689			16.096520041187354
690			15.847586838691408
691			15.66503602120851
692			15.548280191556872
693			15.467785701145322
694			15.371243543147914
695			15.205961831643352
696			14.94690388603504
697			14.622511227381851
698			14.267337381150915
699			13.912980755476838
700			13.57562767040734
701			13.266456301742465
702			12.995166016423314
703			12.746803806302275
704			12.486035468020457
705			12.177072585688315
706			11.806619179213481
707			11.40700724415728
708			11.01609309040077
709			10.660296675691614
710			10.303436194845121
711			9.888018547969065
712			9.360303176352122
713			8.73339939999037
714			8.077797651490734
715			7.465631602800943
716			6.9330702745800865
717			6.440700209661112
718			5.93956636680094
719			5.39611844582264
720			4.8640593703723995
721			4.427776741728613
722			4.166769898467147
723			4.069660552774316
724			4.045100289973297
725			3.9991987071035857
726			3.8716987668492746
727			3.6745855489797994
728			3.4291994756145714
729			3.160804700939126
730			2.9173126766277826
731			2.754742594883288
732			2.7246077200138004
733			2.793440979553968
734			2.852129026045645
735			2.789242982949923
736			2.5537026353767374
737			2.225009237568392
738			1.8997193600784843
739			1.665540352923045
740			1.5589709747671519
741			1.5981326341661495
742			1.7976241066794694
743			2.1064886677219903
744			2.415565569159345
745			2.613918334915258
746			2.634690459661524
747			2.505649015418941
748			2.2668062137168774
749			1.9612341099092858
750			1.6494548736811407
751			1.3981673212370906
752			1.2704206368364137
753			1.2626841014726016
754			1.3133357666345051
755			1.3589161306596735
756			1.3540442183658983
757			1.2912262917732655
758			1.1677358311099337
759			0.991961121287836
760			0.8336472074318407
761			0.78359548085737
762			0.9259699551595391
763			1.2300450144143165
764			1.568115131903706
765			1.8098256475181953
766			1.8790424129138001
767			1.8087307247137356
768			1.6449371325611963
769			1.4364861721940987
770			1.246772384037111
771			1.143950627798927
772			1.1908624566392398
773			1.3654644386071306
774			1.5775237675801377
775			1.7352794649182035
776			1.7914812760973688
777			1.7834055636685997
778			1.7577775807046032
779			1.7566005606100579
780			1.798796015167967
781			1.896243772399015
782			2.05860925749589
783			2.263629921940324
784			2.4650550152779243
785			2.6161565275730045
786			2.679486363033837
787			2.633938827235286
788			2.460070800510504
789			2.160154442026777
790			1.8334410522564397
791			1.6062440960122737
792			1.5935373135003417
793			1.7656470715222665
794			1.993112972985652
795			2.145614562513332
796			2.1666394759616616
797			2.118076450776041
798			2.0724813802126425
799			2.087773799752708
800			2.1633784813087495
801			2.2841091618233555
802			2.433606465498648
803			2.582554428112557
804			2.693590328040303
805			2.729687138078128
806			2.6762548208973955
807			2.5508988027538435
808			2.3737129375830976
809			2.1667199385111187
810			1.9586939171062654
811			1.779885287025
812			1.6580432266176612
813			1.5974477662967472
814			1.589534672009867
815			1.6252379729729987
816			1.682026637877876
817			1.7204058465120855
818			1.699811277890858
819			1.5981843908764912
820			1.4490234106768858
821			1.2962089414927123
822			1.179956289735852
823			1.1117870227938542
824			1.0897060947339734
825			1.1110602621564085
826			1.1577015209064672
827			1.1946717649300072
828			1.186229167186367
829			1.120276835419631
830			1.0444242071439762
831			1.0155596849184618
832			1.0776832579119506
833			1.1921015939091801
834			1.2874591392587131
835			1.2955368814181003
836			1.2115112719527525
837			1.0885760728350202
838			0.981801697515818
839			0.9046949304173922
840			0.7840844310967725
841			0.5359553054605365
842			0.11824883051585218
843			-0.29455366386224313
844			-0.4583156401031234
845			-0.15099536660098964
846			0.5280267039030169
847			1.2367965084751256
848			1.6298650606116842
849			1.5519757546588242
850			1.1697179090637158
851			0.6807884070374863
852			0.26344509334914107
853			0.016941459543712158
854			0.02046286604942047
855			0.3355032122442147
856			0.8342065625853098
857			1.2738808066297072
858			1.414518969073743
859			1.1980256054166856
860			0.8116342457016369
861			0.4598888637989159
862			0.29134882738365503
863			0.2796198548550716
864			0.36422600191931015
865			0.4871102096922124
866			0.6092317503250273
867			0.7005402157008068
868			0.7322175681058732
869			0.7052921327401965
870			0.6522395462034781
871			0.6069790237828087
872			0.5879484441518716
873			0.5770537174597541
874			0.5509336656965882
875			0.49495884559233677
876			0.44451721213193773
877			0.4527751143055364
878			0.5680297711579976
879			0.7603927865976091
880			0.9371187536097434
881			1.0042641032483852
882			0.9180288853901685
883			0.7227042149012967
884			0.4715153606461495
885			0.21854845081766813
886			0.021425752654883026
887			-0.061322635893029935
888			0.019736049198973805
889			0.21899284813793612
890			0.4342534522315116
891			0.5643013088359058
892			0.5739095948099286
893			0.5128644908375092
894			0.4365468950090255
895			0.3843071107889254
896			0.34934551322631213
897			0.31660797598322404
898			0.2761755079168396
899			0.25377840343337954
900			0.2902665390252002
901			0.42348334226281054
902			0.629747240268995
903			0.8284156578634916
904			0.936918338655804
905			0.90183250478615
906			0.7278272181861737
907			0.42645767458778056
908			0.027407656357658204
909			-0.35608284556495085
910			-0.5867165040286092
911			-0.5415143441299375
912			-0.2642597447269781
913			0.093539380277375
914			0.3803254341644472
915			0.5210803102991387
916			0.5453896204832391
917			0.4903733140211236
918			0.3893462306988289
919			0.2641997834490255
920			0.13469059114419113
921			0.023933412418137533
922			-0.021180039912977865
923			0.05650441646263566
924			0.30875814378491306
925			0.6793206282438061
926			1.0124379582530316
927			1.149293737295959
928			1.008963643463276
929			0.6614250195493087
930			0.19394043989524862
931			-0.3033563035561222
932			-0.7278204574781455
933			-0.9734004942005564
934			-0.9460259041459986
935			-0.6782541787312234
936			-0.2787060676772062
937			0.14355313772908618
938			0.5004127576010379
939			0.7298363952490635
940			0.7714906122934839
941			0.6026394661053056
942			0.2998166031835386
943			-0.04425067008207324
944			-0.34213568310802384
945			-0.538208293146958
946			-0.588640518270296
947			-0.4496238628475606
948			-0.07734983124827448
949			0.5719900721580399
950			nan
