Nom de l'instrument : SAM_80E0
Fichier_calib_utilise: /Users/mdlemineahmedou/Documents/Stage/pipeline_LOG/data/calibration/ALL_2023/Cal_SAM_80E0.dat
Date : 2017-07-01
Heure : 18:55:06
InclX : 
InclY : 
Pressure : 
Comment : J1-4
Mission : VITEL

l_onde		data
310			nan
311			nan
312			nan
313			nan
314			nan
315			nan
316			nan
317			282.81855478331596
318			276.80945755266134
319			273.31278176389145
320			271.9290408075441
321			272.25874807415704
322			273.90241695426806
323			276.46056083841506
324			279.5411201897372
325			282.9383740807185
326			286.641990877055
327			290.65036238862535
328			294.756514793818
329			298.2354323402892
330			300.28168061671386
331			300.3042914704994
332			299.14978344203985
333			298.25543656398236
334			299.00935954273007
335			301.64963017982603
336			305.2767323324386
337			308.94376792821294
338			312.0278613265657
339			314.67760711163334
340			317.153946189245
341			319.7189328158801
342			322.64166732415566
343			326.19399835104394
344			330.6358102418263
345			335.97648316109
346			341.9879513441186
347			348.4324026954205
348			354.9795219598051
349			361.0875356618816
350			366.18525579041835
351			369.8018811591686
352			372.0776723402309
353			373.38281437239294
354			374.08373484060235
355			374.46358122382725
356			374.7287277103871
357			375.0834710371222
358			375.8996879564809
359			377.9229574497841
360			381.949393283401
361			388.5777752891531
362			397.2315406663966
363			406.9007541149428
364			416.5802204682416
365			425.37047395913464
366			432.46818677200383
367			437.07605038874544
368			438.9064953879989
369			438.7974725395073
370			437.7374145089768
371			436.67341761765357
372			436.3077666451587
373			437.2529571164076
374			440.0721241088608
375			444.3694858026704
376			448.8777263361581
377			452.3000667352295
378			453.80007713480273
379			453.56194976697435
380			451.90697536445657
381			449.2776964175549
382			446.8415680487618
383			446.0342771235874
384			448.23393650394974
385			453.6654274214146
386			461.4927746195544
387			470.84051016998427
388			480.83301013702226
389			490.5942986932579
390			499.24835180049456
391			506.25847795077436
392			513.1653027844907
393			522.2952207055495
394			535.9223951302563
395			555.2090674453286
396			580.2700179065426
397			611.1761869831824
398			647.2174997698752
399			685.8691990404722
400			724.3494060568881
401			760.0535667173524
402			791.5037226102606
403			817.662907429643
404			837.5662411075095
405			851.8118773892004
406			862.5223600264725
407			871.8814966880234
408			881.4173599904416
409			891.0700627826337
410			900.5440578556584
411			909.5457381948897
412			917.7944539038159
413			925.0148625774892
414			930.9317183754972
415			935.2716958546645
416			937.7634283353399
417			938.1362391290864
418			936.3765799704584
419			933.1271202499078
420			929.1337032304765
421			924.9959266437257
422			920.2741907330426
423			914.0789365501878
424			905.5518845715931
425			894.7074214879032
426			882.4995922755995
427			869.9290411423459
428			858.0567060536418
429			848.1073990039755
430			841.3335089753602
431			838.8151195043997
432			840.3142022311612
433			844.9840046311998
434			851.9724624627675
435			860.3668378560316
436			869.1848258069904
437			877.4405992304568
438			884.493028010589
439			890.7086249764983
440			896.6370509075556
441			902.7898266711417
442			909.3607763470463
443			916.3859984326031
444			923.8956933101699
445			931.755692086881
446			939.6295416517474
447			947.1683646977596
448			954.0791403375086
449			960.2460979644085
450			965.5885450201904
451			970.0306416877137
452			973.5410589798483
453			976.112387260281
454			977.7421895561167
455			978.6227615562339
456			979.2055169327759
457			979.959807468181
458			981.2196450776453
459			982.8488514434265
460			984.6092067688782
461			986.2638192320038
462			987.5893607014998
463			988.3704390364423
464			988.3957019011684
465			987.6520371137674
466			986.4134738631279
467			984.9765299641732
468			983.6301429548674
469			982.6342007060867
470			982.24163331135
471			982.6891007119749
472			984.0260931481711
473			986.1822754950691
474			989.0841218009372
475			992.5791337989302
476			996.3895219623049
477			1000.2263747340089
478			1003.7832956361852
479			1006.6795098268152
480			1008.5144686730283
481			1008.9132399298861
482			1007.8367391421576
483			1005.4821136855137
484			1002.0542875043003
485			998.0011175572502
486			994.1950361813748
487			991.5512526671181
488			990.8963370063835
489			992.6360848249803
490			997.0515641405723
491			1004.3621069183564
492			1013.8533512545639
493			1024.0869065093673
494			1033.6092083375277
495			1041.4156881261113
496			1047.3707486968167
497			1051.438208473797
498			1053.6318536813135
499			1054.2314884713267
500			1053.6050921570884
501			1052.125551954998
502			1050.2515724531218
503			1048.5154229359443
504			1047.4503417892076
505			1047.333377139847
506			1047.8899043104343
507			1048.773646650998
508			1049.6278776782713
509			1050.0331836440537
510			1049.5468817766362
511			1047.7334645301303
512			1044.3088765566192
513			1039.13289105716
514			1032.071922447462
515			1023.2847904567218
516			1013.6338532009131
517			1004.085128869598
518			995.5443973659842
519			988.5083939010298
520			983.3037680971183
521			980.2364403243905
522			979.1015006025405
523			979.155742641813
524			979.6305350801313
525			979.907770625315
526			979.7754522932283
527			979.089387291636
528			977.7430749133692
529			975.9210232841505
530			973.9432038591774
531			972.120889365029
532			970.4713068745018
533			968.6674790639727
534			966.3629373839933
535			963.3278970758026
536			959.6865606774446
537			955.6300069301204
538			951.3585406709868
539			947.153810515747
540			943.3397945488267
541			940.2376988169862
542			938.0463946285303
543			936.805577629097
544			936.5442745016531
545			937.252041354128
546			938.783557903106
547			940.964718744578
548			943.6268807420013
549			946.6566319052165
550			949.9726237128201
551			953.4931545218075
552			957.0990240423208
553			960.6167923243487
554			963.8687797563839
555			966.6898876015863
556			968.963456205779
557			970.5844820941567
558			971.4618694446101
559			971.6664680582755
560			971.3737367336097
561			970.7615959896792
562			970.0552051883066
563			969.5556494773421
564			969.5708720419445
565			970.2569161054794
566			971.111796239133
567			971.4553835934436
568			970.6533171999445
569			968.6874320331933
570			965.9810729758989
571			962.9668903598343
572			960.0497291534198
573			957.5848253845556
574			955.9222840874514
575			955.2935954018704
576			955.3534992765108
577			955.5816909424458
578			955.4848611410146
579			954.992010338083
580			954.3665759475149
581			953.8795008408134
582			953.5879909253704
583			953.126673586221
584			952.0805656617606
585			950.0742834435758
586			946.9479619039844
587			942.6147007379334
588			937.0011853808385
589			930.2800348235979
590			922.838250895983
591			915.0707658040054
592			907.5175336220622
593			901.0354442265334
594			896.5232623487083
595			894.7532857753594
596			895.7299546147237
597			899.1694690609884
598			904.7747502347006
599			911.9780242266618
600			919.9529675925247
601			927.863480636838
602			935.0452303539296
603			941.2474166527792
604			946.2802117678476
605			949.9657999056275
606			952.2074047422801
607			952.9417512426427
608			952.1102368311284
609			949.7673168313914
610			946.0851562809222
611			941.2414674625904
612			935.4404878412812
613			928.9564949128965
614			922.075192540603
615			915.0690577372804
616			908.111888442789
617			901.3328900230649
618			894.8577620372747
619			888.7172318980561
620			882.8348648003092
621			877.1284674575963
622			871.4939283096443
623			865.7640095190341
624			859.7601773234283
625			853.3305068787519
626			846.5413207413013
627			839.5658980023245
628			832.5799501828454
629			825.8162525056089
630			819.5769112162134
631			814.1681868197982
632			809.8383917627382
633			806.6550212910287
634			804.6504013300021
635			803.841336511581
636			804.1056525056289
637			805.2479341902736
638			807.0721270534837
639			809.3828730839919
640			811.9857189073672
641			814.6862667488394
642			817.2620424836967
643			819.396407935079
644			820.7530061527315
645			821.0288677550309
646			820.2446570630636
647			818.6027993074835
648			816.3079906538915
649			813.5762090789149
650			810.638971762543
651			807.7289256842985
652			805.0242969951275
653			802.5089240797679
654			800.1232608536899
655			797.830386194983
656			795.8284444550955
657			794.4549388536514
658			794.0483838367055
659			794.9062548964438
660			797.2666140943637
661			801.3628725843449
662			807.3040373227617
663			814.7307275177669
664			823.1733482499541
665			832.1558529087805
666			841.1311753131713
667			849.508252479924
668			856.7013200251786
669			862.456104197794
670			867.0178524947187
671			870.673154223403
672			873.6833923827173
673			876.2110533526219
674			878.3943723244861
675			880.3708942817459
676			882.2702204656778
677			884.216864820622
678			886.3334359083332
679			888.6328592190091
680			890.957851799711
681			893.1364657478296
682			894.9508808436519
683			895.9980408302797
684			895.8281396001728
685			894.0090689676615
686			890.3185300253034
687			884.6715431349616
688			876.9901975228133
689			867.4929587114568
690			856.8664788496357
691			845.8387309845288
692			835.1291140458599
693			825.4218657308904
694			817.3922118148109
695			811.6600430266167
696			808.1805749646447
697			806.4698127039525
698			806.0366976276819
699			806.437476803681
700			807.3035284290053
701			808.2729095428047
702			809.070542016726
703			809.7779809810737
704			810.56829359417
705			811.6158321108396
706			813.110312982303
707			815.251570965644
708			818.2360818140689
709			822.038378524349
710			826.2832776614596
711			830.5648358297636
712			834.4315517362137
713			837.2474840761813
714			838.3300227622847
715			836.9865620440276
716			832.407754226313
717			823.7086758774706
718			810.0190893419892
719			791.4121486870406
720			769.4152544083711
721			745.6799718416695
722			721.777044144929
723			698.9597065637466
724			678.4032368152848
725			661.2013792529309
726			647.5356096848188
727			637.0152988871827
728			629.2404161656427
729			623.7798349973261
730			620.1562212425437
731			617.888491982138
732			616.7199797280674
733			617.2351206921276
734			620.2153678311721
735			626.3463629864934
736			635.3068199372308
737			646.1732140512088
738			658.0174821796669
739			670.0797814833012
740			681.8375524934397
741			692.7861398035376
742			702.5286017005479
743			711.0464023244671
744			718.4040574205869
745			724.6735442155908
746			729.9990573257411
747			734.5653023597908
748			738.5531213890843
749			741.9702582310767
750			744.5963676940689
751			746.1955625808882
752			746.6360579422544
753			746.1226816976807
754			744.9281728010536
755			743.2669595461001
756			740.8437218008975
757			737.0997250766763
758			731.4629106371766
759			722.9903748537354
760			710.2902586898971
761			691.9444335155099
762			667.2757732970805
763			637.7722373952095
764			605.3151055184426
765			571.8963434521094
766			540.3653636106446
767			513.971869254705
768			495.90365695852967
769			487.6062853095114
770			488.6207630738512
771			498.3901090903311
772			515.7540070094906
773			537.9881324666712
774			562.118046770525
775			585.387203952108
776			606.5069447914871
777			624.7946316432434
778			639.5952076836477
779			650.8122291190143
780			658.8907102645785
781			664.2979824975413
782			667.5183554913875
783			669.0744893739044
784			669.4943069141925
785			669.2367680783092
786			668.3643755475308
787			666.7982343442212
788			664.4633824886381
789			661.3555959870667
790			657.5302788171305
791			653.0452521682278
792			648.0241061412313
793			642.7176072777723
794			637.3910565031097
795			632.2851505559472
796			627.5222271042792
797			623.1890777642493
798			619.369121053576
799			616.1003442873429
800			613.3881265931319
801			611.2361903532818
802			609.583534605698
803			608.263885749118
804			607.1013099746239
805			605.9760373004414
806			604.9895827874152
807			604.2979527927952
808			604.0312088669248
809			604.0474456381114
810			604.0424160069132
811			603.7085587558832
812			602.6903897502067
813			600.5680306988611
814			596.9170862779246
815			591.3351089334682
816			583.4888901926374
817			573.0588415537567
818			559.8465149837759
819			544.6306142533931
820			528.6620174558658
821			513.1835370256374
822			499.1379695529652
823			487.1414253292239
824			477.79294459095826
825			471.47809527828673
826			468.0531750282096
827			467.2938634212098
828			468.92317711585633
829			472.3409648544133
830			476.82456016960776
831			481.6728964583882
832			486.57572444822085
833			491.5602409719658
834			496.66464633048884
835			501.91752305625744
836			507.32900406805044
837			512.9071342271944
838			518.7025504852066
839			524.9616285227753
840			531.986938261345
841			540.0537199939117
842			549.104489188619
843			558.8597753872417
844			569.0356180964885
845			579.325061559903
846			589.3875427337086
847			598.8798460630697
848			607.5383063125141
849			615.3669757388394
850			622.4261647744083
851			628.7594237663809
852			634.269757655568
853			638.790003967372
854			642.1586251521156
855			644.3810076457368
856			645.6450932502311
857			646.1483442422989
858			646.1653040776358
859			646.1570162782618
860			646.6121748594368
861			647.9629758272289
862			650.3146328963082
863			653.6550012945302
864			657.9633000105168
865			663.084299099692
866			668.7552950590903
867			674.709380690177
868			680.5825974885341
869			685.8440258181583
870			689.9462612328118
871			692.5476603623397
872			694.1185923111858
873			695.3297082125866
874			696.81285488231
875			698.820397832021
876			701.3900836060479
877			704.5524541096619
878			708.179879024494
879			711.9537497972501
880			715.5442059899608
881			718.700661524815
882			721.3815017857424
883			723.5791417888945
884			725.3019964351357
885			726.6576225273852
886			727.7915015615913
887			728.8385561514197
888			729.7551814906961
889			730.3496960856642
890			730.4275522230902
891			729.9313571945381
892			729.0435357849915
893			727.9706891772863
894			726.7574874451193
895			724.8136647484403
896			721.3933555236129
897			715.7806061741749
898			707.541762546818
899			696.3983871044202
900			682.0833992876611
901			664.6221106068926
902			644.3760114234645
903			621.7263401703282
904			597.4468832977115
905			573.2691112176262
906			551.0677917054827
907			532.4707420125135
908			517.7344258033283
909			506.64201509253195
910			498.9459626659834
911			493.9727219594403
912			490.73407777736094
913			488.2370302213789
914			485.63488155554126
915			482.3029754551909
916			477.63528445062093
917			471.29795315123306
918			463.84559060428194
919			456.0138010451859
920			448.52830155941086
921			442.04083440774605
922			437.1696295993478
923			434.513220941876
924			434.27066336921354
925			436.2673452513436
926			440.31238872867937
927			445.99818045308416
928			452.5034202663293
929			458.96027389785013
930			464.44133158923427
931			467.7724272481075
932			467.7155176543781
933			463.10159118455385
934			453.42260810604586
935			438.538152422286
936			418.3392091310835
937			393.4984661629923
938			365.56433037871034
939			336.13084823608153
940			306.6318828889239
941			278.1363724044732
942			251.66268879788163
943			228.15883750930092
944			208.2253950718929
945			192.35589900525846
946			181.04385684409925
947			174.78277612311697
948			174.06616437701322
949			nan
950			nan
