Nom de l'instrument : SAM_839E
Fichier_calib_utilise: /Users/mdlemineahmedou/Documents/Stage/pipeline_LOG/data/calibration/ALL_2023/Cal_SAM_839E.dat
Date : 2017-07-05
Heure : 18:05:01
InclX : -9
InclY : 0
Pressure : +INF
Comment : 
Mission : VITEL

l_onde		data
310			nan
311			nan
312			nan
313			nan
314			nan
315			nan
316			nan
317			0.03595889708292027
318			0.024396834204534736
319			0.07707934185968018
320			0.16655030893804648
321			0.2653536243293234
322			0.34603317692320096
323			0.3811328556093689
324			0.34500198626216505
325			0.2492465785712309
326			0.14050182022214833
327			0.06666658360195826
328			0.05410915361191825
329			0.08053759596571496
330			0.11697833923579236
331			0.13882632729043057
332			0.14766493654118382
333			0.15479234025907526
334			0.17097812767093337
335			0.19639786336284387
336			0.22160622701163626
337			0.23683632112585637
338			0.23774058249870794
339			0.23183899831753402
340			0.2282232061168625
341			0.23421805605968604
342			0.24685526732151045
343			0.2594491361535749
344			0.26562113529590303
345			0.2648768988752045
346			0.2619648782527261
347			0.2618028525035829
348			0.2667334300251595
349			0.27354368486928704
350			0.27829758411285344
351			0.27830525503529624
352			0.27806009821324
353			0.28462395516765615
354			0.3044994037217141
355			0.33366028377543816
356			0.3587379321631865
357			0.36609069495082447
358			0.35146385442746675
359			0.3308682727821537
360			0.3229547993624277
361			0.34256384704384824
362			0.3824309675973032
363			0.42734036324106517
364			0.46258892558901527
365			0.4834304033067087
366			0.4940428206450694
367			0.4989200300709391
368			0.5025485647716744
369			0.5093989076422563
370			0.5239394126084678
371			0.5492713872610785
372			0.580385142249559
373			0.6092910491876201
374			0.6285327722134
375			0.6413015907386697
376			0.660558751215399
377			0.6995743094824934
378			0.7596896033788757
379			0.8152966546125346
380			0.8370886118292259
381			0.8033666670214417
382			0.7393173393256067
383			0.6879716201718131
384			0.6905658636437847
385			0.7498105569444994
386			0.8317660265575525
387			0.9010918131276903
388			0.9372028893463341
389			0.9543269157442933
390			0.9717097359389296
391			1.0062049421781416
392			1.059125381214594
393			1.125575632589304
394			1.2007528087666317
395			1.282348113585109
396			1.3705420759792768
397			1.4656254146865348
398			1.568763319070788
399			1.683303800745279
400			1.8129298400918856
401			1.958614007167892
402			2.1025000239983336
403			2.2187411659582565
404			2.282646061913013
405			2.299789830537215
406			2.3077972217824416
407			2.345805315489068
408			2.4362340294616582
409			2.5567972218441857
410			2.677814987123698
411			2.7733038236634866
412			2.8451276291055634
413			2.907841499658946
414			2.9757256197406394
415			3.0531350970288793
416			3.133157306330917
417			3.208272794359806
418			3.2736006330515446
419			3.331911217673722
420			3.3873539595633533
421			3.4436195128985068
422			3.5005978541917773
423			3.556300603320251
424			3.6087369814939283
425			3.656292597346853
426			3.6978157202722493
427			3.7321845031630456
428			3.7623270416317687
429			3.8040544891367793
430			3.8757339468552905
431			3.9933170838071335
432			4.15043627250035
433			4.328658273487757
434			4.509631184455324
435			4.683376414325658
436			4.851164057586771
437			5.015054562354476
438			5.177426779282791
439			5.341782831361906
440			5.511872420139486
441			5.69115791452518
442			5.880096776507018
443			6.077356014752114
444			6.28155923582589
445			6.490288055707037
446			6.699580592942947
447			6.905350220409371
448			7.103623343795437
449			7.290873019473872
450			7.463682612913819
451			7.619285440496366
452			7.762728071566959
453			7.904222948055159
454			8.054006592814165
455			8.21749197421617
456			8.39214592215087
457			8.574693730375264
458			8.760713332078259
459			8.940660711095333
460			9.103563144564601
461			9.239363195517992
462			9.350868081412933
463			9.450379420952276
464			9.550382413400706
465			9.659484167385276
466			9.779127925312848
467			9.909982977382983
468			10.052818824218793
469			10.20891444670406
470			10.379710337702363
471			10.566231147413177
472			10.76253662064076
473			10.95691829036526
474			11.137534761126382
475			11.299084683058094
476			11.449923644995247
477			11.60011840969787
478			11.757373033352444
479			11.915598195594594
480			12.063713327808186
481			12.190914440831488
482			12.292178685842643
483			12.367881746386969
484			12.418629457174907
485			12.451776772772513
486			12.49073605235919
487			12.561256134834446
488			12.684975868064111
489			12.85574412307175
490			13.055898549806823
491			13.267982290114782
492			13.480717542495395
493			13.689361375958093
494			13.889483074543127
495			14.075728174876222
496			14.240219201954856
497			14.374651876031608
498			14.473372710638294
499			14.551681060739014
500			14.634828087414707
501			14.747687942757208
502			14.90074847279684
503			15.087194641579934
504			15.29918389320769
505			15.527197757962561
506			15.756426084901294
507			15.971016860549758
508			16.15621227131789
509			16.30746960045974
510			16.425814071322375
511			16.5124562184727
512			16.574318362043638
513			16.626166516616937
514			16.68333580499895
515			16.760214274603076
516			16.86771255323096
517			17.015943352185076
518			17.21369610299399
519			17.45499931816921
520			17.724645694465273
521			18.007363898033077
522			18.292730243397713
523			18.577951184368786
524			18.86090331248377
525			19.14022567217551
526			19.41782519113925
527			19.696484128322442
528			19.978610279280225
529			20.261553242071496
530			20.5390299950484
531			20.80468553041231
532			21.0528822050888
533			21.27928140750805
534			21.47968141951327
535			21.65230052788809
536			21.807493473798417
537			21.959411519808317
538			22.12166131656415
539			22.29877984608898
540			22.48783053613035
541			22.685665736559354
542			22.89103975507646
543			23.106683538158237
544			23.335827026367404
545			23.58072150644534
546			23.837858740342213
547			24.101630539662658
548			24.366418156758414
549			24.626446634748405
550			24.875793399006476
551			25.108538688821604
552			25.32149363439938
553			25.518083691739193
554			25.70271608728786
555			25.879774083228103
556			26.053474848905168
557			26.227965213290258
558			26.407377426642103
559			26.59546160854914
560			26.79555399571637
561			27.010963679567187
562			27.239624756899847
563			27.46434905733621
564			27.665308390329855
565			27.825967508265467
566			27.956783922311505
567			28.081436857283393
568			28.223268088536173
569			28.390582867238425
570			28.57303394905879
571			28.759112950747756
572			28.939954644311275
573			29.115347154259148
574			29.286846690075297
575			29.455747786942364
576			29.620795483052312
577			29.779297151629592
578			29.928497655889224
579			30.063423573279884
580			30.175952604768316
581			30.25772279452914
582			30.299544132475518
583			30.28907168039613
584			30.21320923996278
585			30.060359570131176
586			29.83638260176468
587			29.558416072460187
588			29.24390701487691
589			28.918519343044476
590			28.621249656212964
591			28.392314120228637
592			28.26026528677682
593			28.20205814678024
594			28.18038433960495
595			28.159654544734117
596			28.128369632335264
597			28.092771059550714
598			28.05946461612568
599			28.030145890806217
600			27.997416525938792
601			27.95289253139926
602			27.891275283416924
603			27.82306197333491
604			27.76379123564076
605			27.728007775306004
606			27.713351538765938
607			27.703343955105293
608			27.68111337209377
609			27.636467292257397
610			27.573304906450694
611			27.497312516730204
612			27.414806353521996
613			27.33582316764091
614			27.271760790880382
615			27.23345761662542
616			27.22012397550596
617			27.220014501815236
618			27.220966563558967
619			27.213697048427726
620			27.195825004389
621			27.165982188320616
622			27.122349300726427
623			27.060043476782713
624			26.972907726566074
625			26.85544755638055
626			26.719147118086944
627			26.59343693904098
628			26.508588865990706
629			26.48273078982435
630			26.50103924592249
631			26.54315554642235
632			26.590603318159598
633			26.639556137579067
634			26.693054255979725
635			26.753940044467015
636			26.81756911543083
637			26.870471575483048
638			26.8986726512503
639			26.89241019964695
640			26.85479934149475
641			26.79140720056683
642			26.707292413530066
643			26.602997433966603
644			26.476700450909973
645			26.326567519726208
646			26.15110312898226
647			25.94925385889361
648			25.71999661227525
649			25.466649775821914
650			25.207389742207596
651			24.963568762407675
652			24.75411926232511
653			24.5735715154225
654			24.40231913799053
655			24.220946241249056
656			24.027978311779144
657			23.847730565263685
658			23.706516328670954
659			23.62060572229716
660			23.56808730803069
661			23.51797763349796
662			23.44176418708611
663			23.339048767145957
664			23.22728575074864
665			23.12401202670018
666			23.034195908148682
667			22.943078257523524
668			22.834173852274414
669			22.696557410711993
670			22.542563589592493
671			22.39060866534317
672			22.258634347247206
673			22.15853747798898
674			22.098048796587594
675			22.084650978273476
676			22.112916933001394
677			22.155482646230084
678			22.182852383289163
679			22.170020905187002
680			22.112437754832403
681			22.011373502905176
682			21.86823933185851
683			21.68642600130296
684			21.47078988794936
685			21.226336843072787
686			20.969241034289254
687			20.736027995685966
688			20.565384847643564
689			20.484738733801123
690			20.466298688857332
691			20.465374594070813
692			20.439092343192385
693			20.372732806766574
694			20.27372962646874
695			20.15010605401932
696			20.00886013418081
697			19.855007419675093
698			19.69333688492269
699			19.52767872736374
700			19.356862748983655
701			19.178093877734486
702			18.988489083362868
703			18.783710802956342
704			18.558218947924512
705			18.30642271839096
706			18.02065427459234
707			17.689032310236055
708			17.299165382141968
709			16.840398863859235
710			16.311585337868056
711			15.714813891850502
712			15.052345062512517
713			14.329431193112123
714			13.553892667298616
715			12.733693558808834
716			11.886680607672085
717			11.051469736410779
718			10.26929878345492
719			9.575478357577966
720			8.971746942345117
721			8.448036582610106
722			7.994103770003656
723			7.596704359726553
724			7.239953719045349
725			6.907908687178923
726			6.590294618144028
727			6.2890124392870606
728			6.007539812709736
729			5.748638130823379
730			5.510934565739051
731			5.291576237234923
732			5.087996437293254
733			4.903048633064974
734			4.744411126208458
735			4.619899691166289
736			4.531589695987985
737			4.469135509155853
738			4.4205691856805505
739			4.375238105259068
740			4.330101156881264
741			4.284848790149162
742			4.239356777855552
743			4.1969069492258475
744			4.163805230447236
745			4.1464421829497295
746			4.147553379950782
747			4.162028471588237
748			4.183741775189927
749			4.205703855502657
750			4.215999345703946
751			4.20096929508949
752			4.147572378368077
753			4.054049334731522
754			3.9284845493522185
755			3.779283816028827
756			3.613414430327225
757			3.434829021556056
758			3.247100894139542
759			3.056817795161793
760			2.8872080192217595
761			2.7672105459033323
762			2.724357881042992
763			2.7618178099896284
764			2.8621915236197113
765			3.0074570860559073
766			3.182629554443145
767			3.3788348513960647
768			3.5879316051576815
769			3.799661837706654
770			3.9926663767967008
771			4.141959062402137
772			4.224342314426628
773			4.245210951969457
774			4.232928494715417
775			4.216423773093708
776			4.21528212627339
777			4.231345445668586
778			4.264472154040388
779			4.312869127819789
780			4.366670313777021
781			4.413546800034329
782			4.4420165088275
783			4.452825469366567
784			4.455906961579378
785			4.461351444254299
786			4.473467386081766
787			4.486380876754714
788			4.493182113754111
789			4.493106046829795
790			4.512829723211428
791			4.586687945619708
792			4.744187615517022
793			4.9532540296448335
794			5.139329659748407
795			5.227741813878562
796			5.191792036139714
797			5.081740945199883
798			4.954782663118655
799			4.86169185865929
800			4.827587609994635
801			4.871180648491404
802			5.0056438821619045
803			5.182987045613368
804			5.317234162843303
805			5.323163866877724
806			5.180668368722853
807			4.963073171478814
808			4.7509230613647375
809			4.600884125326858
810			4.486042158973639
811			4.361206780069968
812			4.187930333495876
813			3.9910323264740875
814			3.829957305330782
815			3.763108022204477
816			3.7982086116897134
817			3.8791363828563816
818			3.945701135353464
819			3.9455686778780246
820			3.849989583600728
821			3.634621916972361
822			3.286278998544923
823			2.8791029351689006
824			2.528373359728826
825			2.3459014660518442
826			2.344240852221425
827			2.428261601542092
828			2.4975139582732435
829			2.482907645927532
830			2.3945388787717006
831			2.2548102493503674
832			2.090502494198281
833			1.9564869500723667
834			1.9187301835422423
835			2.0385769286564517
836			2.2857474283631145
837			2.546110397494601
838			2.702762842875114
839			2.6894399751713163
840			2.5454795392409966
841			2.3234303034488066
842			2.0725984468744545
843			1.8255548165410775
844			1.6094869457854244
845			1.4499211964976417
846			1.3482915456518307
847			1.2878497255860868
848			1.2513633143567349
849			1.218751569954204
850			1.165113787552078
851			1.0650833956024532
852			0.914049942238688
853			0.7917602248346249
854			0.7993888769443784
855			1.0208169698240717
856			1.354834343361175
857			1.587977404389758
858			1.510034131060194
859			1.1151593798526793
860			0.6731206441708804
861			0.4731096074938677
862			0.6899625279027308
863			1.1411513744787551
864			1.5745321396908543
865			1.7621969627415557
866			1.6667730893999875
867			1.3409667362408146
868			0.8421960086298104
869			0.33361223166409665
870			0.08977144316267847
871			0.3897974942772841
872			1.3064834454484167
873			2.425734813738047
874			3.263258883864192
875			3.4241300337032174
876			3.02533804197396
877			2.3658300464549256
878			1.7353777034412687
879			1.27356684672845
880			0.9992420219754922
881			0.9271713064542405
882			1.015194821637637
883			1.1211430691955315
884			1.092703622627637
885			0.8346808316031369
886			0.4864967768172593
887			0.2478067986289722
888			0.2964058472379642
889			0.5817084581113294
890			0.917157459446025
891			1.1169048510743853
892			1.091080145076469
893			0.8734584068228552
894			0.5059954985872146
895			0.051123425730199734
896			-0.3697777411574377
897			-0.624784320629748
898			-0.606853424988561
899			-0.38167033965975194
900			-0.08817785725105746
901			0.1347435872470521
902			0.15479733627021944
903			-0.15421788280641555
904			-0.9166429628215066
905			-2.0397943699002394
906			-2.998452074285969
907			-3.216123712709599
908			-2.3104268755866237
909			-0.7936485560183046
910			0.5643328304627416
911			1.0553773006324745
912			0.6905612857299788
913			-0.054441995438673875
914			-0.7007895717861775
915			-0.970612302846115
916			-0.8607046233665833
917			-0.3877029898739114
918			0.3558114712399603
919			1.049261993265259
920			1.329464302572608
921			0.9225378699561846
922			0.18690790402349214
923			-0.24608829298062163
924			0.22223040197604596
925			1.5185709552081736
926			2.9507767668852662
927			3.8065344908557903
928			3.7252043452534944
929			3.0274498329229935
930			2.1119752460732615
931			1.326810053671374
932			0.7991747005398017
933			0.5961626360438728
934			0.7599007083519552
935			1.0686576009395838
936			1.1422069442201856
937			0.6120050522592164
938			-0.4009464442639125
939			-1.1664939251960844
940			-0.9171631411551184
941			0.6896741218605211
942			2.874914682374313
943			4.676469442813033
944			5.273917280019362
945			4.6966501605609805
946			3.289491685633065
947			1.3977862589310701
948			-0.6331217158495522
949			-2.4578878350133477
950			nan
