Nom de l'instrument : SAM_839E
Fichier_calib_utilise: /Users/mdlemineahmedou/Documents/Stage/pipeline_LOG/data/calibration/ALL_2023/Cal_SAM_839e.dat
Date : 2017-07-03
Heure : 16:02:47
InclX : -5
InclY : 6.8
Pressure : +INF
Comment : 
Mission : VITEL

l_onde		data
310			nan
311			nan
312			nan
313			nan
314			nan
315			nan
316			nan
317			0.07569590580746824
318			0.08474705708512767
319			0.08975791591380919
320			0.09057026230357854
321			0.08702587626450158
322			0.07896653780664413
323			0.06623402694007201
324			0.04891510281746728
325			0.03215187159913746
326			0.025839536930910845
327			0.04002100123013337
328			0.0764710040481694
329			0.11827781771374668
330			0.14596383640054192
331			0.1434536526966246
332			0.11506740267347212
333			0.07269110331018679
334			0.028094763256299067
335			-0.009450501720071771
336			-0.03294292688857536
337			-0.035491342420838644
338			-0.015702163720046895
339			0.01577928527413685
340			0.04671333687353454
341			0.06669169239277789
342			0.07597543042191068
343			0.07867893596663254
344			0.07879174080317396
345			0.07785183938731861
346			0.07521289415706495
347			0.07016245267425192
348			0.06387122675333748
349			0.061572565211529054
350			0.06902860869245829
351			0.09006143966442151
352			0.11731001337228536
353			0.139414662057427
354			0.14555478525243531
355			0.1350941579528312
356			0.11643349383366837
357			0.09827325232714325
358			0.08677699882700053
359			0.08263136486793148
360			0.0858095044958377
361			0.09593937320255992
362			0.11064638263826779
363			0.1268356085051164
364			0.1415038087336021
365			0.15341070694275816
366			0.16289616309086655
367			0.17035507332416816
368			0.17600747973016923
369			0.17968999064834415
370			0.18118835437028766
371			0.1808271113239497
372			0.18212757827034431
373			0.18978555134120031
374			0.20813431458127538
375			0.23429520060148726
376			0.25877204823660066
377			0.2718461536568056
378			0.26887491952160114
379			0.2566836697285315
380			0.24367173416257068
381			0.23713605924048492
382			0.23758004313155945
383			0.24292147160003683
384			0.2511204993757596
385			0.26113579180081914
386			0.2728759104138606
387			0.2862855769784476
388			0.3008868369687651
389			0.3152045100459755
390			0.3276196676570416
391			0.3370155270283622
392			0.34553738723079686
393			0.3566336943279216
394			0.3737040837662096
395			0.39895107792972695
396			0.43338237385657424
397			0.47794720795923445
398			0.5310844571682698
399			0.5849667290109195
400			0.6308050297907862
401			0.6613754348117737
402			0.6803263386348719
403			0.6959200498978424
404			0.7162098903137256
405			0.7434803740909164
406			0.7739073403123876
407			0.8033757177863018
408			0.8294254543410058
409			0.8540224511393488
410			0.8798646007824849
411			0.9091667251408649
412			0.9405043620759087
413			0.9707944789111523
414			0.9970380581687636
415			1.0189393318930382
416			1.0392714749990073
417			1.0609729403175376
418			1.086262273495418
419			1.1152703984329353
420			1.1477519820339657
421			1.1830765912572563
422			1.2174233452791343
423			1.245394592160396
424			1.2617562077720637
425			1.2672924927034261
426			1.27018568055479
427			1.2790714047866458
428			1.3000972890307456
429			1.3314964808968839
430			1.3699319272570871
431			1.4123462348305615
432			1.4582661487618402
433			1.50861537630231
434			1.564288960911683
435			1.6244046837401258
436			1.6856927561553927
437			1.7447157358785823
438			1.7995228259814389
439			1.853407872387887
440			1.9108206838903417
441			1.9758471317639823
442			2.0487670512829537
443			2.1275924770955164
444			2.2102909781565208
445			2.294069960679079
446			2.3750108041595674
447			2.4491038825504843
448			2.5137480824580996
449			2.571908047200412
450			2.62792299225276
451			2.6858087266821777
452			2.745693295061552
453			2.805134276614011
454			2.861669203662032
455			2.914662116969676
456			2.966485977190588
457			3.019794538325195
458			3.076274023512785
459			3.133291487004963
460			3.187009202394433
461			3.2339110844778274
462			3.275002258075677
463			3.314624601617428
464			3.3571826509490945
465			3.4055288757966844
466			3.459648666416553
467			3.519217666565633
468			3.5835428517386108
469			3.6500568494762686
470			3.715598094232312
471			3.7772396404612363
472			3.8359875565912773
473			3.8961051638661055
474			3.961935724598834
475			4.034908010547387
476			4.110364747388985
477			4.182886097272622
478			4.247694715140873
479			4.303764100468769
480			4.351425027083009
481			4.39102045224918
482			4.423103716469604
483			4.448424619880213
484			4.467748445907731
485			4.484141835376363
486			4.50614678407243
487			4.543101995353461
488			4.602829895746117
489			4.682900505464994
490			4.776637072002655
491			4.8773354076171485
492			4.97793871031573
493			5.071017258969654
494			5.149128848218683
495			5.208440442098115
496			5.254976652101789
497			5.296429656635216
498			5.339952166185163
499			5.388432739126739
500			5.442734623081606
501			5.503700694083611
502			5.5719073027988575
503			5.647610241095085
504			5.731045709342192
505			5.821022091687231
506			5.9118394567447705
507			5.996910245014547
508			6.070294643655552
509			6.1320999935060465
510			6.185729755835978
511			6.234613316151917
512			6.281859229060309
513			6.330135468981036
514			6.382078037171742
515			6.440079223453152
516			6.505636471325752
517			6.580041895994095
518			6.664509905415957
519			6.759388098882285
520			6.864481718860975
521			6.979564366549251
522			7.102950099127619
523			7.2306556693353805
524			7.358496062903241
525			7.483220058726801
526			7.605578685640967
527			7.727395010301347
528			7.850241457089988
529			7.972304735944263
530			8.08934005565471
531			8.19707748612816
532			8.293919846898135
533			8.383109874839752
534			8.468400342805946
535			8.55305160698263
536			8.637854527598662
537			8.72282745802478
538			8.807981918613331
539			8.893220293791762
540			8.978355038212571
541			9.063200742985305
542			9.148345148930579
543			9.235992508588266
544			9.328549916605237
545			9.427854947471513
546			9.532393463977883
547			9.639429278764121
548			9.746273873967917
549			9.851268094237588
550			9.953725531925937
551			10.052996389655002
552			10.147953478403188
553			10.236313347709492
554			10.315620922166378
555			10.384310969259287
556			10.446985628461695
557			10.510858923413847
558			10.58298205612803
559			10.665812747617018
560			10.756833553828791
561			10.853277487541774
562			10.951673235195035
563			11.046567897788714
564			11.132162634443825
565			11.203647883288632
566			11.26432335436146
567			11.321460877480577
568			11.382247943949638
569			11.449953261335246
570			11.522984367487258
571			11.599446047400109
572			11.677570697078037
573			11.756008494662268
574			11.833494981084751
575			11.90880625398726
576			11.981113555697446
577			12.049810951191567
578			12.114253264652781
579			12.171797192848485
580			12.216963072811524
581			12.244055376610989
582			12.248253934611888
583			12.228073736039482
584			12.182823947271784
585			12.112060426911484
586			12.018212063113696
587			11.905563799080909
588			11.778481435378081
589			11.644723128637608
590			11.517551461510006
591			11.410732517177886
592			11.334318894819686
593			11.28193546256043
594			11.242665895107658
595			11.205996174740177
596			11.167050696104724
597			11.125106114256603
598			11.079547051438533
599			11.0309354732746
600			10.98201384626976
601			10.93576096694193
602			10.894719788791173
603			10.859201927142472
604			10.828806836253797
605			10.803178994682032
606			10.782732227426122
607			10.7685229022973
608			10.761611932648973
609			10.760534851668632
610			10.75849914258718
611			10.748036584096758
612			10.72376637139392
613			10.6926365231423
614			10.666105321451615
615			10.65517707938752
616			10.661315109078862
617			10.676993408508677
618			10.694341468885979
619			10.707210075320603
620			10.71357592546594
621			10.71202108518308
622			10.7015003712527
623			10.683500316797346
624			10.660560386080727
625			10.635213627220558
626			10.609741926447205
627			10.586161692658049
628			10.56647771095573
629			10.553397423079094
630			10.551534856140574
631			10.565824308619666
632			10.599674897925832
633			10.644625342836695
634			10.686650509013075
635			10.71204290824403
636			10.718125314677314
637			10.71522314457586
638			10.714406352343257
639			10.721761518006597
640			10.728141929656061
641			10.721500253242123
642			10.691185447622777
643			10.638947797732339
644			10.573029799969666
645			10.501641464085333
646			10.429473012142406
647			10.356616805423615
648			10.282855257457845
649			10.207287833910215
650			10.126676725052244
651			10.03728453490738
652			9.936240600918495
653			9.829414628279427
654			9.727739792824746
655			9.642057853767884
656			9.57563968089756
657			9.520873411581332
658			9.46930401439507
659			9.415171982429458
660			9.362965464734474
661			9.319607473809624
662			9.291140848381206
663			9.273593829223147
664			9.256635390297323
665			9.229933970758287
666			9.189426505956604
667			9.140888870288379
668			9.090957811921216
669			9.045339495702194
670			9.005847003566963
671			8.973275519245181
672			8.948272898712888
673			8.929610507948025
674			8.914766441732036
675			8.901216346948914
676			8.888239733481525
677			8.878181326231186
678			8.873683712297538
679			8.874308473890755
680			8.865582822060981
681			8.829040062439617
682			8.747866630157073
683			8.628595243171626
684			8.49504347808556
685			8.371327405773284
686			8.271055248341787
687			8.18868739266817
688			8.116650470390578
689			8.048461519637113
690			7.982984852845061
691			7.920721281976444
692			7.861986698113317
693			7.804230361219981
694			7.74264602156759
695			7.672378509630499
696			7.590000777908983
697			7.494847407204178
698			7.386568603821189
699			7.2658938276385205
700			7.139181266354803
701			7.0146181577425555
702			6.8996292001245205
703			6.788888111365947
704			6.666526816871758
705			6.516431184993726
706			6.332537236595436
707			6.129168651674428
708			5.923117504578107
709			5.726847559798937
710			5.52912972730057
711			5.310669243147472
712			5.053218708649637
713			4.757220504247917
714			4.439159527463455
715			4.1160243791103
716			3.8020045001544887
717			3.5054066820836542
718			3.233795086662215
719			2.993360997501418
720			2.7825196476923577
721			2.5969516366586403
722			2.432441013671229
723			2.2867375598549327
724			2.159320853117072
725			2.0497104527284544
726			1.954006573348367
727			1.8609649165596878
728			1.758390070702826
729			1.6378305580322343
730			1.51244442553566
731			1.4031259377149679
732			1.329737933561147
733			1.292550400172508
734			1.2743925104727056
735			1.2575216717627682
736			1.2310916089010175
737			1.1991781884077537
738			1.1678062657967223
739			1.1422155537613128
740			1.1231023074475441
741			1.109532260484362
742			1.100538477687464
743			1.094581451371131
744			1.089613310351806
745			1.0835817044364056
746			1.0767932868204126
747			1.0746186282976309
748			1.0830836160131223
749			1.1053827747844054
750			1.1285635320081273
751			1.133957884729279
752			1.1040418266310326
753			1.0422411701483436
754			0.9702605276166747
755			0.9103539473994273
756			0.8744283535229737
757			0.8527061619014142
758			0.8326813028283778
759			0.8043904909793603
760			0.7719073059168529
761			0.744122483217855
762			0.7295992632407605
763			0.7311734896461567
764			0.7468464320503101
765			0.7744612402614303
766			0.8109685845564677
767			0.8515233384127031
768			0.891065055492399
769			0.9258967324716071
770			0.9594723633401396
771			0.9975823195389211
772			1.0452852871411262
773			1.0959355075375834
774			1.1334848671929267
775			1.1417339499381163
776			1.1172583053896497
777			1.0808933590151308
778			1.0561864502202902
779			1.0613673743896292
780			1.088673220515498
781			1.1224113216760072
782			1.1476406459175292
783			1.1602938657764126
784			1.1644733115775203
785			1.164466127330937
786			1.1633368534093538
787			1.161996962921631
788			1.161138889240334
789			1.1614585169584477
790			1.1636671436136956
791			1.1684803677474789
792			1.1766844215849173
793			1.1899664293724013
794			1.210635006761971
795			1.2409280956348114
796			1.2776102260615514
797			1.308665617214796
798			1.321287440353338
799			1.3077352280167382
800			1.2805164193501095
801			1.2571960493145338
802			1.253734009682933
803			1.2683619902119663
804			1.2883014875317742
805			1.300724372354376
806			1.2984848311515522
807			1.2825907640231822
808			1.254680272408268
809			1.2167592027052863
810			1.172120583269301
811			1.1243389055369144
812			1.0767547752332647
813			1.0305142431172218
814			0.9855623174366891
815			0.941905615473192
816			0.9022339506342382
817			0.8726175275693696
818			0.8593388115650055
819			0.8637339712816551
820			0.8722897473528719
821			0.8687178378792669
822			0.839239756460606
823			0.7897250767129951
824			0.7352988836904073
825			0.690765375393682
826			0.6608919089090276
827			0.6395569788747284
828			0.620097303341811
829			0.5974806178579748
830			0.5707931750826695
831			0.5397612867187305
832			0.504855137723884
833			0.47131767664385477
834			0.44627699895720807
835			0.43645593991769144
836			0.4404992118436115
837			0.449658711613774
838			0.45494190529150175
839			0.45181101114833405
840			0.4450183305686464
841			0.44047836722035266
842			0.44272662311939764
843			0.44918143294283025
844			0.45497172687818654
845			0.45546523506543296
846			0.449514221651796
847			0.438600688354413
848			0.4242813000832249
849			0.4088817854188035
850			0.3960292920977396
851			0.3894767546932725
852			0.3907104655433904
853			0.3920046047553612
854			0.3832933563657952
855			0.35608200676154794
856			0.3186911909730645
857			0.289639653359228
858			0.2872146875158479
859			0.3138454532886236
860			0.35057456249124297
861			0.3769365896556404
862			0.3795775264095055
863			0.36736676572209986
864			0.3535029070213726
865			0.34963139901975987
866			0.3551874269605504
867			0.36383354979057275
868			0.3693264103796302
869			0.36867317752899986
870			0.3623059030475028
871			0.3508232090157494
872			0.3357315241801149
873			0.32067946729086877
874			0.3096245127132232
875			0.30476609527292015
876			0.29823319227337464
877			0.27857529532120545
878			0.23558516038933136
879			0.179000710789542
880			0.13459470692084408
881			0.12836829124685042
882			0.16685950493712975
883			0.22241409587950314
884			0.2639100458067773
885			0.2687626791838575
886			0.24945603609877046
887			0.2274773255175457
888			0.22248960659276373
889			0.23509860683723896
890			0.2545638184830317
891			0.27010840674237313
892			0.275320132392554
893			0.26940956118770437
894			0.2519610208972991
895			0.22523371444541648
896			0.19918745098974608
897			0.18515939100831943
898			0.19095032445714397
899			0.19981074655681283
900			0.1845788766358746
901			0.12003493823303517
902			0.020747987865918423
903			-0.06187566820458067
904			-0.07529823675272533
905			-0.0011589956196688452
906			0.11078680173427485
907			0.2027095195649311
908			0.2296376266071363
909			0.20586369647826425
910			0.1627435051696455
911			0.1298721951787093
912			0.11632420925774373
913			0.11791810362961724
914			0.13021054201330637
915			0.1470014483330025
916			0.15968987456222247
917			0.1595057273554787
918			0.1433041340071525
919			0.12482785571648741
920			0.12097559112720653
921			0.14333936167515007
922			0.16593782086039569
923			0.146572425508803
924			0.04609477708166224
925			-0.11260951041489177
926			-0.24952377136802523
927			-0.28292938729191913
928			-0.18262057577783647
929			-0.018188263605048244
930			0.12934527588570546
931			0.19658003349926187
932			0.1969027493622885
933			0.16460943823607427
934			0.1319789017209423
935			0.10996533212838731
936			0.09671359640869667
937			0.09021427886416997
938			0.08917831981172063
939			0.09321301437861254
940			0.10198067318497969
941			0.11457078149229748
942			0.12856037973398118
943			0.1412797860857612
944			0.14943099673827406
945			0.14594693975157585
946			0.12236154929421189
947			0.07020644968550298
948			-0.018986734755229957
949			-0.15368637970866605
950			nan
