Nom de l'instrument : SAM_839E
Fichier_calib_utilise: /Users/mdlemineahmedou/Documents/Stage/pipeline_LOG/data/calibration/ALL_2023/Cal_SAM_839e.dat
Date : 2017-07-03
Heure : 18:50:58
InclX : -11
InclY : 8.16
Pressure : +INF
Comment : 
Mission : VITEL

l_onde		data
310			nan
311			nan
312			nan
313			nan
314			nan
315			nan
316			nan
317			0.23214619002463166
318			0.19235207750226035
319			0.1782316574263526
320			0.18198763974845364
321			0.19582273442010867
322			0.21193965139286292
323			0.2225411006182616
324			0.22031450644034925
325			0.2079497751594105
326			0.19754126577966075
327			0.20151543601228192
328			0.22490582012569585
329			0.256037570631479
330			0.2809415769659375
331			0.28891570895132884
332			0.2888427730906238
333			0.2968707560782503
334			0.3281639390095902
335			0.3785168489279466
336			0.42613351438571306
337			0.4486417076486447
338			0.4358604960698385
339			0.4043061022652516
340			0.37403032206892034
341			0.3619975330468954
342			0.3671851149195733
343			0.3820743406142414
344			0.39926287508405417
345			0.413708036042586
346			0.42246960361850466
347			0.422700471666717
348			0.4151291120794708
349			0.4081977559819214
350			0.41135265549115685
351			0.4316295993239212
352			0.4621696800398087
353			0.49114582247838046
354			0.507378975322782
355			0.5119367324866995
356			0.5167535478480069
357			0.5341006450052497
358			0.568857996670249
359			0.6099485069391549
360			0.6442163604023969
361			0.6611804519459632
362			0.6658760352806824
363			0.6689197605448901
364			0.6805194690432362
365			0.7029626078466064
366			0.7314376187353563
367			0.7608850257191905
368			0.7869015545091139
369			0.8065229015761775
370			0.8169756337103042
371			0.81685961597389
372			0.8129228045380379
373			0.8149067228181106
374			0.8320323265515761
375			0.863124440260161
376			0.8974686764718109
377			0.9240225694838982
378			0.9374263496898082
379			0.9451585737446159
380			0.9564598964190902
381			0.9786773547399982
382			1.007488377220226
383			1.0341289600848027
384			1.0502489663078405
385			1.0563962370361426
386			1.0615833763540006
387			1.075144517742838
388			1.1024523017052021
389			1.1395329654654902
390			1.1810654798989209
391			1.222487280302984
392			1.2641630026465431
393			1.3084256169389816
394			1.3577139422925741
395			1.416774659673019
396			1.492657901511081
397			1.5924981381258885
398			1.7176260704741715
399			1.8548852383544805
400			1.9888960291599913
401			2.1062774645656583
402			2.20753280392891
403			2.299057396250021
404			2.3870549127019975
405			2.4722839393110965
406			2.5497371813448657
407			2.614136702767895
408			2.664037750122901
409			2.7082465018189557
410			2.757264498550653
411			2.8200422379075345
412			2.8938452073744547
413			2.9706135575165864
414			3.0423895237620107
415			3.1049919368453396
416			3.1585271174819516
417			3.203334460421324
418			3.241063697155865
419			3.277164337177541
420			3.317770732938752
421			3.367831571624255
422			3.4224726277653703
423			3.4719650329095555
424			3.5068304539653017
425			3.5274071823265944
426			3.546100243414616
427			3.576054277498367
428			3.626566127441765
429			3.6946926119946153
430			3.775062177536788
431			3.862901847614588
432			3.9589696730988213
433			4.067013728733848
434			4.190705257252208
435			4.329261750685327
436			4.475917543409588
437			4.623486725447331
438			4.7668116838584655
439			4.9078903075551805
440			5.050297617521341
441			5.19750502919249
442			5.3519004576006015
443			5.515226221442586
444			5.689152099596405
445			5.871942249581187
446			6.056816092537171
447			6.236585333421065
448			6.405854775217754
449			6.566314671907832
450			6.721405167768099
451			6.874210321581134
452			7.023533582637031
453			7.16534819834693
454			7.295638077301224
455			7.414726514653131
456			7.530085344396516
457			7.649853504409482
458			7.780027346510508
459			7.917038472266091
460			8.05465051021123
461			8.186875008496338
462			8.311209517030301
463			8.427724332594368
464			8.536571504200692
465			8.640105141901929
466			8.744747148945054
467			8.857358894840779
468			8.983638551552428
469			9.123370473212509
470			9.274464255498998
471			9.434875845064202
472			9.603350021075554
473			9.779284859878674
474			9.962082337251264
475			10.148622948229516
476			10.330521825792722
477			10.49873436866674
478			10.645218105922055
479			10.767780959289647
480			10.866347863838849
481			10.941057217308252
482			10.996341686450993
483			11.040644003319672
484			11.082561589815288
485			11.131000066343345
486			11.195598314563211
487			11.286101911462081
488			11.41042748947812
489			11.564125151232972
490			11.737622510062124
491			11.92132935422607
492			12.10561938488878
493			12.280828138083805
494			12.437295230081988
495			12.569302940721643
496			12.681902062824674
497			12.781965042504499
498			12.876078456833538
499			12.968569269230766
500			13.062691212209888
501			13.161684709285312
502			13.268566247233759
503			13.386082976775297
504			13.516964968920052
505			13.661186282501108
506			13.81001889529474
507			13.953021459612785
508			14.08012973108774
509			14.184799980202325
510			14.262407403523047
511			14.308539508432274
512			14.327312132380438
513			14.334552619568257
514			14.346938057298964
515			14.379793565912454
516			14.443480187421109
517			14.547219923847049
518			14.699047571125757
519			14.893754880715903
520			15.117847513033423
521			15.3577544978103
522			15.603053874256954
523			15.848280184010179
524			16.08840328700835
525			16.319616705469418
526			16.54335859443609
527			16.762471929946532
528			16.97954139010767
529			17.19366247863668
530			17.401424896806702
531			17.59936636240484
532			17.784298037189043
533			17.953526245727698
534			18.104409493407648
535			18.235348494412474
536			18.349970695858072
537			18.453538569620857
538			18.551331670370885
539			18.648904079009547
540			18.752036090512334
541			18.866496621054523
542			18.99514639791893
543			19.134765668295923
544			19.281371692396704
545			19.431144926612788
546			19.581226261378784
547			19.729106765984973
548			19.87233838176061
549			20.009729631913814
550			20.14127650968928
551			20.26702037294723
552			20.386633596386275
553			20.498894862896183
554			20.602450203871395
555			20.69659626495526
556			20.785139004755564
557			20.873794077477783
558			20.96811198026443
559			21.06905474376059
560			21.172614664716455
561			21.2745356717649
562			21.37060960812204
563			21.45676312218609
564			21.528946396419002
565			21.583567891718506
566			21.620792647681593
567			21.642625768059194
568			21.6511128480288
569			21.649278886216383
570			21.641363810854592
571			21.631682531866357
572			21.62176741918958
573			21.604041162467496
574			21.569065127787965
575			21.5081877280778
576			21.420425586467097
577			21.309119440691205
578			21.177539676669415
579			21.023262339468303
580			20.835780306393435
581			20.60397127204693
582			20.318623977792534
583			19.977808348675012
584			19.58132812511848
585			19.1298527759831
586			18.634134225643727
587			18.111437938314076
588			17.579080249629794
589			17.050421963807455
590			16.532405652535726
591			16.031386799315992
592			15.552581487989334
593			15.09616531988484
594			14.660920532517085
595			14.245284007726742
596			13.842854941385161
597			13.443669942839557
598			13.03777821646154
599			12.62500718587033
600			12.223294042846552
601			11.852538776701287
602			11.528778407749561
603			11.248273133374502
604			11.000971116558349
605			10.777262317630608
606			10.575080855214182
607			10.398661578553638
608			10.252409291320571
609			10.136837840792605
610			10.044251930006117
611			9.965915176409254
612			9.893799808996068
613			9.824063300403973
614			9.754394214332555
615			9.682718751011377
616			9.611837326116648
617			9.549142730291807
618			9.502186606837485
619			9.47248670045713
620			9.447097602352699
621			9.410951819648869
622			9.351791408540802
623			9.27644082293523
624			9.199660812944952
625			9.135725371094328
626			9.08585030441596
627			9.037448958530932
628			8.977283917093532
629			8.899097597337327
630			8.815571465707757
631			8.742568401487125
632			8.693786830821361
633			8.666079362626263
634			8.648402691315683
635			8.629814037447604
636			8.603971585373781
637			8.569957205995756
638			8.527164632584268
639			8.47518861648257
640			8.414238385641884
641			8.344640172562475
642			8.266696031075247
643			8.180493269551048
644			8.086006775081824
645			7.983256204168812
646			7.874062385724202
647			7.7625990007984935
648			7.6531979571921305
649			7.547402848783252
650			7.437214729139424
651			7.312594959832976
652			7.164866286140102
653			6.9990800046485315
654			6.828240637540861
655			6.6653573825425045
656			6.51886756654845
657			6.390636706442948
658			6.2820211368591785
659			6.193047327155348
660			6.1186859582021125
661			6.052706445464065
662			5.989254365104079
663			5.92675524148757
664			5.866352364854472
665			5.809227379548269
666			5.756249817277419
667			5.707799322368243
668			5.6642126756638875
669			5.625697779795072
670			5.591923377109518
671			5.562417239341863
672			5.53674065609976
673			5.5148818439304055
674			5.4971232561285825
675			5.48372723290851
676			5.472934588661935
677			5.459551059110497
678			5.438048576285742
679			5.404083553417469
680			5.358707867022548
681			5.30450883612631
682			5.243733829462008
683			5.17382855591762
684			5.088683725399303
685			4.982174767910462
686			4.854816812258966
687			4.719224120148267
688			4.589296042411634
689			4.47641229959002
690			4.379596528089927
691			4.294090862819276
692			4.215061733367751
693			4.136519585713228
694			4.051565320051643
695			3.9533229280561653
696			3.840593144387093
697			3.7231540948557833
698			3.6120385073549857
699			3.515463218790761
700			3.426959097612864
701			3.3352848199482876
702			3.2299981345330395
703			3.1140439918050298
704			3.0014351265530683
705			2.906443405287216
706			2.832902604997261
707			2.7634718776214027
708			2.67824670045061
709			2.5612186158740844
710			2.417705944330825
711			2.2602872051886163
712			2.101221531954333
713			1.9469975103664336
714			1.7991505316665597
715			1.6590496275895101
716			1.5271523561114138
717			1.402000743076561
718			1.281894996233144
719			1.1663591158925106
720			1.0618487246482395
721			0.9772571154272082
722			0.9207592775910064
723			0.887218440746504
724			0.8597838058815426
725			0.8212626192520569
726			0.764842289862869
727			0.706006090314316
728			0.663124603896675
729			0.6503347786497421
730			0.657337542171319
731			0.6650857180795067
732			0.6553222066189669
733			0.6248655521715398
734			0.5839540661545175
735			0.5432781092559155
736			0.5104631253318334
737			0.4865027402038849
738			0.4715243943532321
739			0.4647917816817581
740			0.46057027500518005
741			0.4513314876520262
742			0.43014652176525625
743			0.4013621216628319
744			0.3793362090809265
745			0.37872045615826055
746			0.4044949421378759
747			0.44087837317382506
748			0.4694027475510798
749			0.4750226711963968
750			0.4622116856696347
751			0.4423522595186876
752			0.4264160082667302
753			0.41774787773786715
754			0.41303851421364907
755			0.4087572140784892
756			0.4016852220074204
757			0.38925753390317974
758			0.368991404893151
759			0.34024633487692174
760			0.31255151849524326
761			0.2989261751616718
762			0.3112386980566411
763			0.34143975969334417
764			0.36466721160528576
765			0.35566678297901216
766			0.3078485466316083
767			0.25217791125700406
768			0.2241232493451688
769			0.25073410990571443
770			0.3149049261977454
771			0.38510374977943107
772			0.4312469008268195
773			0.4465060300099365
774			0.4427341417207916
775			0.4322817934678447
776			0.4241191664824023
777			0.42079705033629605
778			0.42414863662919733
779			0.4347375520421644
780			0.4469216583310325
781			0.45316558611303404
782			0.44692429291746255
783			0.43594936905869996
784			0.43873378535212687
785			0.4737956562033543
786			0.5390923087361617
787			0.5963724766584585
788			0.6037012555091965
789			0.5337702040492637
790			0.42459179422827104
791			0.3324063897238126
792			0.30918606615074123
793			0.352452876126795
794			0.4221658563575943
795			0.47785359206866374
796			0.4997924502477101
797			0.5015418726119978
798			0.4996598856827883
799			0.5064010046152321
800			0.5168205968156386
801			0.5216779639593064
802			0.5126008189015263
803			0.490808148936914
804			0.4634756528082942
805			0.43790656383276705
806			0.4232791675887636
807			0.4314623145270294
808			0.4745318862715643
809			0.5528217721233561
810			0.6255665063462049
811			0.6430135867878658
812			0.5630925946632516
813			0.4158142746720517
814			0.2706381631440328
815			0.1960522545006205
816			0.21062988181113687
817			0.2700600133197477
818			0.32603035124598645
819			0.3451790801930343
820			0.33902768411198325
821			0.327485381786748
822			0.32779695781359264
823			0.3363487062558308
824			0.339701218407964
825			0.32480193223995363
826			0.2904894796865677
827			0.248503123122538
828			0.2112224850838772
829			0.18848824232876507
830			0.18372992541177777
831			0.19938070819047246
832			0.235027367561155
833			0.27199391900974695
834			0.28439094957066136
835			0.2479223866099324
836			0.17004289588590635
837			0.08726430790648027
838			0.03706025756432578
839			0.03956644862340506
840			0.07876150726809066
841			0.1341007591246559
842			0.18676691630428197
843			0.2268579077015967
844			0.24733945165007656
845			0.24205381530845535
846			0.21755588491038852
847			0.18999461347827212
848			0.17562083967002504
849			0.18036540255881917
850			0.19269550893016643
851			0.19939044277260767
852			0.19071706528126703
853			0.17111648718244588
854			0.14863026255102482
855			0.13082520756075655
856			0.1201870623603927
857			0.11612001524345056
858			0.11788753023488804
859			0.12062320740600113
860			0.11389104228303339
861			0.08686636535612048
862			0.03964607464702417
863			0.0064573090656819
864			0.028175913407266256
865			0.1360219147528839
866			0.28530507782392056
867			0.39544719671965667
868			0.38872668517011855
869			0.2651417318773746
870			0.10657916210983708
871			-0.001303808437475019
872			-0.010023910454382194
873			0.04118118284486389
874			0.10042641141407287
875			0.123847035535067
876			0.11352056727942642
877			0.08785442555716858
878			0.06483935493571537
879			0.055490964659724466
880			0.06521723197651073
881			0.09911772512951525
882			0.14936633315050749
883			0.18542943264585965
884			0.17447041509004618
885			0.10126607438492702
886			0.022943515327021213
887			0.015204291642228017
888			0.14255803656253263
889			0.35258995828573825
890			0.5232715299085362
891			0.5343487218673754
892			0.3685630826211199
893			0.14134292165020235
894			-0.02317215216113051
895			-0.046757109416547496
896			0.016631172992131963
897			0.08939340384514922
898			0.10482107324785318
899			0.07181197154057771
900			0.03133004817529547
901			0.02307453986259631
902			0.05899271503914299
903			0.12533854807801892
904			0.207336461562608
905			0.2820592140058965
906			0.3103330415085764
907			0.25105833778931747
908			0.08747047097466362
909			-0.08503320939266223
910			-0.13876190073691727
911			0.03742160011897203
912			0.36185398990791523
913			0.6283273997300829
914			0.6325003077930876
915			0.3425734088431892
916			-0.037445473039494116
917			-0.2866139434334475
918			-0.26577340156933354
919			-0.08129068558413165
920			0.11458391518165296
921			0.18953658459242836
922			0.1524116010650554
923			0.07297907179567054
924			0.01932951377133001
925			0.02130318474273672
926			0.07351325582288855
927			0.1691231802838601
928			0.28505692630923485
929			0.36677742646199796
930			0.3561438672068116
931			0.2205477732683788
932			0.038634549200799485
933			-0.08065561718735821
934			-0.04262728369906055
935			0.09685562814580033
936			0.19149078129036765
937			0.09770839799465866
938			-0.18782627089333037
939			-0.4939504484352177
940			-0.6387241192724906
941			-0.5162255272520422
942			-0.22124578836488978
943			0.11868207105314704
944			0.3892969665897223
945			0.5559512198908443
946			0.6135478704190426
947			0.5570387482020098
948			0.3813756832674383
949			0.08151050564302069
950			nan
