Nom de l'instrument : SAM_80E0
Fichier_calib_utilise: /Users/mdlemineahmedou/Documents/Stage/pipeline_LOG/data/calibration/ALL_2023/Cal_SAM_80E0.dat
Date : 2017-07-01
Heure : 19:07:16
InclX : 
InclY : 
Pressure : 
Comment : J1-4
Mission : VITEL

l_onde		data
310			nan
311			nan
312			nan
313			nan
314			nan
315			nan
316			nan
317			259.5589733960917
318			254.37992811543094
319			251.39896019826952
320			250.27716054020954
321			250.67562003685305
322			252.255429583802
323			254.67768007665862
324			257.60838091892464
325			260.8369424785563
326			264.28216981691924
327			267.86864591474085
328			271.38531188999866
329			274.2789475556972
330			275.9432170373481
331			275.94442569931687
332			275.00602821691314
333			274.32703097457085
334			275.06599688460767
335			277.43630407645713
336			280.7163675574484
337			284.1455572352139
338			287.19966310932784
339			289.91737158274424
340			292.4193415550703
341			294.84890110694886
342			297.49284504755775
343			300.6939270243392
344			304.78026977144594
345			309.77115330037486
346			315.39311421576025
347			321.3609312213699
348			327.3366136217037
349			332.861542158016
350			337.46031774056837
351			340.7406930901882
352			342.8165719249235
353			343.9923076129779
354			344.5708652256805
355			344.820627750037
356			344.97809804538366
357			345.2791592725814
358			346.0806712225025
359			348.00927070037557
360			351.7280757587389
361			357.7369513503982
362			365.56340899874255
363			374.3764339349059
364			383.3438418693128
365			391.6216667411037
366			398.35522952440317
367			402.69208206850965
368			404.3099725090747
369			404.05733930029015
370			402.9391420321854
371			401.9070389749424
372			401.59701514671906
373			402.5292764408751
374			405.17970902643225
375			409.1642473335465
376			413.31723854862406
377			416.44666506312836
378			417.78520952737233
379			417.50714101026614
380			415.9132103476212
381			413.4158862467192
382			411.095551001228
383			410.27972789464934
384			412.2430834718003
385			417.2015129810731
386			424.39694913848535
387			433.0349983493416
388			442.3058663277409
389			451.36502082400875
390			459.3631703275633
391			465.7737616436813
392			472.0459726915714
393			480.3763240846765
394			492.9109956532078
395			510.7248727576855
396			533.8836519064134
397			562.4109854441006
398			595.6278052208093
399			631.2222782275995
400			666.6512257459392
401			699.5304483451566
402			728.4857888777713
403			752.5384588961232
404			770.7775789205433
405			783.7657550444262
406			793.502649081281
407			802.0456582627189
408			810.8281069093172
409			819.7720341485949
410			828.5751978868014
411			836.9396476703596
412			844.5960937257848
413			851.28698626039
414			856.7549467599194
415			860.7458356737159
416			863.0088171237309
417			863.2937832105213
418			861.5981017197092
419			858.550723332562
420			854.8798994008175
421			851.1679945127754
422			846.9607251172133
423			841.3549523065718
424			833.4794878372458
425			823.3533982499521
426			811.9543471652182
427			800.3074498539252
428			789.4434349208726
429			780.4082876023682
430			774.2505605454269
431			771.8774490928032
432			773.1147855231568
433			777.2890121699872
434			783.7188205451786
435			791.5719197546293
436			799.8429055825841
437			807.5171765128114
438			813.9426596381248
439			819.5270517265404
440			824.8706719871216
441			830.5274923812734
442			836.6654228443967
443			843.2607067282357
444			850.2845645521944
445			857.5825361476794
446			864.8454899838855
447			871.7548003946015
448			878.0497838980042
449			883.6536260917425
450			888.5259004901657
451			892.6266512087316
452			895.9202388606034
453			898.3733436702141
454			899.9571869560322
455			900.8285160616903
456			901.3909456464829
457			902.0651816723312
458			903.1570130613043
459			904.5729903525954
460			906.1330206968921
461			907.653968791561
462			908.9216242711476
463			909.7035950374169
464			909.7712537251725
465			909.096939842398
466			907.9440837904081
467			906.5989139117715
468			905.3373057652021
469			904.3954602476546
470			904.0000756527517
471			904.3636041947708
472			905.5346130560506
473			907.4567508147605
474			910.070722905362
475			913.2385424964536
476			916.6973758008337
477			920.173306441602
478			923.3832756503325
479			926.0053342264519
480			927.7071937897059
481			928.1753925795439
482			927.3432978265157
483			925.3178936979938
484			922.2130412795801
485			918.4198240622163
486			914.8138286741043
487			912.3194565574947
488			911.756573694359
489			913.4488119723371
490			917.5727075986914
491			924.2546292491203
492			932.8623220480722
493			942.1752598790538
494			950.9603734516434
495			958.323761789499
496			964.0279390117063
497			967.9105171054405
498			969.8843501668016
499			970.2628652578406
500			969.4922646493603
501			968.0181773748027
502			966.2745610474508
503			964.6853682610455
504			963.6731578265817
505			963.4664593042687
506			963.8759851936348
507			964.6581813776135
508			965.5423588793051
509			966.095050034415
510			965.822365000274
511			964.2402453976149
512			961.073141560968
513			956.2435168359318
514			949.6824780824742
515			941.5704827037284
516			932.6879350627136
517			923.9036363280525
518			916.0347131656663
519			909.5473994399978
520			904.7620236662785
521			901.9791271139488
522			901.0102727563232
523			901.1517542371328
524			901.6755231045504
525			901.9947748771926
526			901.90377789735
527			901.2604244399064
528			899.9607569217527
529			898.1953631074457
530			896.2919403230624
531			894.5694748414966
532			893.0522387001289
533			891.4195169105274
534			889.3310575701693
535			886.5613329473902
536			883.232857646837
537			879.5338993388752
538			875.6582835833829
539			871.8488382198402
540			868.3738907694349
541			865.4997156152386
542			863.4039387021878
543			862.1488411920208
544			861.788971819186
545			862.339987648459
546			863.6846475526379
547			865.6773474683198
548			868.1746246221472
549			871.0546676711876
550			874.2082346289016
551			877.5259028672281
552			880.8814330452981
553			884.1242614035217
554			887.1019228619787
555			889.6706892327617
556			891.7204712477992
557			893.1492743687702
558			893.8697937705626
559			893.9657768403266
560			893.6314623761904
561			893.0631689663904
562			892.4726095527741
563			892.0962400287543
564			892.1727512081015
565			892.8108512280709
566			893.5561649675332
567			893.8018777764339
568			892.9822376699548
569			891.0843382016632
570			888.4913917013641
571			885.5951029761814
572			882.7752617315383
573			880.3903993435206
574			878.7968484645047
575			878.2307239287625
576			878.3435963623112
577			878.6096261753449
578			878.5305219377844
579			878.0389431132962
580			877.4088292575536
581			876.9218388676532
582			876.6492580277528
583			876.2464463407218
584			875.3199338097048
585			873.5113179386799
586			870.6530499153736
587			866.6421952154735
588			861.3897102954705
589			855.0581553324082
590			848.0294160840832
591			840.6933834218449
592			833.5674158109626
593			827.447443800734
594			823.1662040239838
595			821.4398637115382
596			822.2768264113964
597			825.4198139589062
598			830.5992174588309
599			837.2939904546822
600			844.7429303827781
601			852.1757304327731
602			858.9744054196764
603			864.8876885587757
604			869.7183829419511
605			873.2820299525671
606			875.4801106001986
607			876.249632881926
608			875.5326974954058
609			873.3947089520478
610			870.0294489640521
611			865.6366972837309
612			860.4176882246193
613			854.5774968849523
614			848.3218249505877
615			841.8548088121358
616			835.3689069565008
617			829.0513006849758
618			823.0841477531413
619			817.5052292538212
620			812.1894182701138
621			807.0028692375051
622			801.8140396497212
623			796.4980199814341
624			790.931087624368
625			785.0078212624303
626			778.7729075021055
627			772.3445963611271
628			765.8443281460673
629			759.4837809296986
630			753.5842694967836
631			748.4736893537726
632			744.4132458838983
633			741.4560491237967
634			739.6147341333997
635			738.8896979395308
636			739.1717571948654
637			740.2939805789867
638			742.0885274849892
639			744.3723618978421
640			746.9427115342419
641			749.5954814360084
642			752.1035155725643
643			754.1623143829798
644			755.451181896828
645			755.6824965486051
646			754.8892349046661
647			753.2844295872213
648			751.0828754875474
649			748.4888530263025
650			745.6921603307582
651			742.8815383257412
652			740.2084940776602
653			737.6915376597743
654			735.3194961870238
655			733.1000585570376
656			731.2368810133636
657			730.0497992925923
658			729.8587164434026
659			730.9103385372965
660			733.3454019969406
661			737.2963489653846
662			742.8115357768512
663			749.6227316773212
664			757.3872112876276
665			765.7470764754648
666			774.1774089600123
667			782.049821059405
668			788.7409098114408
669			793.9906256597976
670			798.0864541181919
671			801.3611962694475
672			804.1087777478838
673			806.4705968788898
674			808.5506496117702
675			810.4527493978385
676			812.2786092822593
677			814.1285971771915
678			816.1015749102808
679			818.2070753514249
680			820.3160088592306
681			822.287342247591
682			823.9325345438267
683			824.8712045832675
684			824.6745545947412
685			822.9313541086902
686			819.438633428349
687			814.1297286361156
688			806.9445549378162
689			798.0895685087908
690			788.1922811848793
691			777.9173660474848
692			767.9227705396157
693			758.8388612207335
694			751.2889355928253
695			745.8455118702817
696			742.4711561235329
697			740.7253842892405
698			740.1614175211272
699			740.3879027541795
700			741.1015144312723
701			742.0067522713199
702			742.8725532411293
703			743.7324086160186
704			744.6876942577964
705			745.8433488573339
706			747.3469085515108
707			749.3739626194997
708			752.0978551252804
709			755.5200615063287
710			759.3712428524755
711			763.3582402728204
712			767.109727171799
713			769.9379169507995
714			771.0749492625371
715			769.7577239345461
716			765.2787361883412
717			756.9664722756061
718			744.1630802966151
719			726.9826153589971
720			706.7290338400737
721			684.8078869407245
722			662.5863368663114
723			641.2807356092915
724			622.0704068204599
725			606.0495569618292
726			593.3600248953197
727			583.5463973918244
728			576.1452666735986
729			570.7584906959518
730			567.0849106473378
731			564.8312418869656
732			563.8605088374259
733			564.6215785742635
734			567.7005435979299
735			573.6075964022732
736			582.0552574561441
737			592.2789637592344
738			603.5092757927556
739			615.0496344301332
740			626.3062820743679
741			636.693225277657
742			645.7732133716993
743			653.6315396334737
744			660.4681840266056
745			666.4716529439985
746			671.7194036070919
747			676.2265992084525
748			680.0069905489671
749			683.0452778518422
750			685.2878818237127
751			686.6786227641502
752			687.2058006034283
753			687.001539410076
754			686.2269795110678
755			684.9910293866643
756			682.9459897277774
757			679.5082074859645
758			674.0849906070407
759			665.8480591615854
760			653.6839238165599
761			636.46252193486
762			613.6556164993868
763			586.4934040876607
764			556.5255272053672
765			525.4323426125026
766			495.9068050397565
767			471.11459099992385
768			454.1609875466615
769			446.43915152748855
770			447.4706026757201
771			456.6806614042604
772			472.94746230555506
773			493.73068630702744
774			516.2631768903077
775			537.9816061955461
776			557.6957871617633
777			574.7824381445748
778			588.6436152012501
779			599.1938594549821
780			606.8444587565212
781			612.0271472698821
782			615.1829766091105
783			616.774044577791
784			617.2653370429892
785			617.0645275048697
786			616.2498088687912
787			614.7818638150487
788			612.6231685168016
789			609.7695830641825
790			606.2451082303745
791			602.0752692112197
792			597.3623277026394
793			592.3569297167564
794			587.3266793953845
795			582.5118680111775
796			578.0213975789112
797			573.9247107855279
798			570.2902490573089
799			567.1730436370666
800			564.6185006256055
801			562.6701772171052
802			561.259276459689
803			560.1342571755677
804			559.026808898893
805			557.7630264342406
806			556.5409606182458
807			555.6502562161369
808			555.3422716017693
809			555.4670273377207
810			555.6349785526324
811			555.4535603739242
812			554.5380409330646
813			552.5142135906613
814			549.008621395881
815			543.6725443819973
816			536.2353008544474
817			526.4415599725681
818			514.1425873145076
819			500.04948402035524
820			485.2888365953345
821			470.9796607841531
822			457.9642168610829
823			446.7834069485378
824			437.96249181654173
825			431.86781724079293
826			428.47172476962663
827			427.68654152230005
828			429.34406604628487
829			432.7819304090906
830			437.15042472135457
831			441.6305144530816
832			445.9586446797825
833			450.3508820670735
834			455.0379405374041
835			460.1219938377766
836			465.458639120449
837			470.8755669318987
838			476.28863733990397
839			482.0189074799113
840			488.5037617041168
841			496.1401247825718
842			504.8323111336122
843			514.1559775068446
844			523.6830765884464
845			533.1030063641608
846			542.2768096449477
847			551.0791417518691
848			559.3777983277203
849			567.017489553438
850			573.8380744291289
851			579.692446614923
852			584.5428047993697
853			588.4059183007869
854			591.3007766789141
855			593.2957715908824
856			594.5133229866428
857			595.078867760689
858			595.2036110536786
859			595.306276674337
860			595.8363551417809
861			597.1898333862996
862			599.4530462579926
863			602.6011901736986
864			606.60343118656
865			611.3356535919313
866			616.5991756606998
867			622.1916383037117
868			627.7817875754705
869			632.8166267020387
870			636.7212652543552
871			639.1283062537871
872			640.4892018128518
873			641.4573723171922
874			642.651214092533
875			644.3466106516055
876			646.6257343929709
877			649.5627382363407
878			653.0387078583905
879			656.7016182135184
880			660.1856895364659
881			663.2111722471543
882			665.725096944048
883			667.7114238905851
884			669.1735355757179
885			670.2351626292926
886			671.0660723841567
887			671.8273469511382
888			672.532718103411
889			673.0737002542962
890			673.3387379823595
891			673.2695719452604
892			672.9011317595042
893			672.2777415579899
894			671.3232970209147
895			669.4894908647377
896			666.1122960158677
897			660.552718925829
898			652.4080243356566
899			641.4053788091941
900			627.2869939673358
901			610.2059568679084
902			590.78776010438
903			569.6844327315247
904			547.6986755078327
905			526.0007770225668
906			505.8160276913419
907			488.2621928075227
908			473.85993440850405
909			462.9238378582404
910			455.70685286522195
911			451.59731771704656
912			449.3449169278877
913			447.688698157782
914			445.61212917862895
915			442.4696318596007
916			437.64672640654527
917			430.8909432559202
918			423.1315402906176
919			415.53851320183406
920			409.1733754207317
921			404.28598522948386
922			400.75850295748046
923			398.48273730186867
924			397.5850725676079
925			398.411311574879
926			401.31186471548193
927			406.2020907367138
928			412.1669577182241
929			418.19802613838505
930			423.2781927453602
931			426.3544698928765
932			426.3645806410094
933			422.3037690046318
934			413.7180367982204
935			400.4597099670044
936			382.40630430014977
937			360.0589189184391
938			334.617235108775
939			307.3180186393811
940			279.428266039926
941			252.28384470839075
942			227.23016517377852
943			205.46520831231553
944			187.4590337802169
945			173.4574367359191
946			163.70614951451805
947			158.45090445110986
948			157.9374338807906
949			nan
950			nan
