Nom de l'instrument : SAM_839E
Fichier_calib_utilise: /Users/mdlemineahmedou/Documents/Stage/pipeline_LOG/data/calibration/ALL_2023/Cal_SAM_839e.dat
Date : 2017-07-03
Heure : 21:34:33
InclX : -17
InclY : 8.16
Pressure : +INF
Comment : 
Mission : VITEL

l_onde		data
310			nan
311			nan
312			nan
313			nan
314			nan
315			nan
316			nan
317			0.043897878714612655
318			0.04918190311792633
319			0.047147841339089086
320			0.04016303136879777
321			0.030594811197749233
322			0.020810518816640294
323			0.013177492216167808
324			0.009966326064621743
325			0.011451236643893824
326			0.016029421492310982
327			0.022025881271325
328			0.027910938962330746
329			0.03248335335675128
330			0.03458698145854216
331			0.03335291034935084
332			0.02963411773146723
333			0.024922329638763396
334			0.02066777039627029
335			0.017492842751449862
336			0.015268169425449925
337			0.013839235569995846
338			0.01347316343435414
339			0.015360398916098828
340			0.020813666048074657
341			0.030732008641544212
342			0.043604409865341254
343			0.05704944575057537
344			0.06872095037181689
345			0.07695949402768054
346			0.08071753242820906
347			0.07897672424045024
348			0.07214390057613286
349			0.06370048272201045
350			0.05752807986079101
351			0.056726029809559646
352			0.059884403438549956
353			0.06398094456650882
354			0.06612820127783894
355			0.06599994132616063
356			0.06554258876883874
357			0.06677201244782235
358			0.0699775005887876
359			0.0717208038481151
360			0.06807808839043299
361			0.05628669828499791
362			0.040320128823728645
363			0.026574939291438837
364			0.021150023625547805
365			0.024418328953999747
366			0.031620668132877935
367			0.03782407280124404
368			0.03963892983341116
369			0.037060016987608926
370			0.030531029946695848
371			0.020833237083984022
372			0.010750802351088952
373			0.0038037433513450716
374			0.003357783612713195
375			0.00970188377884825
376			0.02030184914850674
377			0.03252174218885082
378			0.04436396551840839
379			0.05527305749386853
380			0.06489149385215116
381			0.07278006210467423
382			0.07799613791280238
383			0.07940549928128157
384			0.07597220852759971
385			0.06873792296446044
386			0.06072074317890412
387			0.05501391577001434
388			0.05380563735894226
389			0.057148808069851176
390			0.0647885290768379
391			0.07618831203477479
392			0.08898238296900023
393			0.10007419897243183
394			0.10649858544815811
395			0.10834538338126483
396			0.10875361111887201
397			0.11099222456012792
398			0.11751244052262903
399			0.12872426482469734
400			0.14472446571565362
401			0.16535112645728978
402			0.18864528125420676
403			0.21188534598224196
404			0.2323987659693749
405			0.24883670038933284
406			0.26125200847884344
407			0.26976556694012793
408			0.27484687373093214
409			0.2778977311448136
410			0.28047413171190266
411			0.28396738191304816
412			0.2885281017880268
413			0.29374147983216714
414			0.2992023136525174
415			0.3048704229227435
416			0.3111200292649212
417			0.3183473126688535
418			0.3264680325849173
419			0.3340048016971364
420			0.33922914255850645
421			0.34068704594993643
422			0.3391983968976346
423			0.3367068758979976
424			0.3351477068476637
425			0.3358901831044551
426			0.339607948182416
427			0.34693168696747073
428			0.3578342116094338
429			0.3701956102120561
430			0.38148078270592867
431			0.38950522875151045
432			0.3953240916084249
433			0.4017438368739029
434			0.4115523549133252
435			0.4260380426391159
436			0.4444748811748905
437			0.4659953159152571
438			0.489688274790218
439			0.5144891631969206
440			0.5392995488904727
441			0.563095749203154
442			0.5856358079128743
443			0.6071435551753351
444			0.6278500073720167
445			0.6480386357238564
446			0.6680706126431378
447			0.6883133903604862
448			0.70909142065773
449			0.7305592384644357
450			0.7528294144299693
451			0.7759637755850789
452			0.7994141448489607
453			0.822229029962047
454			0.8434538639618976
455			0.8624256963303444
456			0.8789619742847689
457			0.8929249759097415
458			0.9047237330483805
459			0.9172080491181099
460			0.9339085516629397
461			0.9580259905291185
462			0.988124470009435
463			1.0193461467981315
464			1.0467792477682711
465			1.0681532990691307
466			1.086077010043532
467			1.1036862152606006
468			1.1235563574950929
469			1.145413789104365
470			1.1680816631081317
471			1.1904263640956947
472			1.212044327488952
473			1.2331366039351148
474			1.2539232771532276
475			1.2747529652424894
476			1.2962426920991856
477			1.319043112070131
478			1.3433528437104059
479			1.3667315406017615
480			1.3857839248585857
481			1.3973030558772963
482			1.4019500592501244
483			1.4039981300450217
484			1.4078547832045354
485			1.4167540664959797
486			1.4311381322045473
487			1.4510428896806784
488			1.4762195033745726
489			1.5044938162165409
490			1.532894160517152
491			1.5585288016070402
492			1.580608996981493
493			1.6005700946803074
494			1.6199534739416253
495			1.6398336171869023
496			1.6600097815117592
497			1.6800655007809726
498			1.6996563024610996
499			1.7190067778284217
500			1.7386118019162353
501			1.758952953373537
502			1.7800205169796834
503			1.8012138822689616
504			1.821897607471115
505			1.842029474332674
506			1.86344036195832
507			1.8883299377207605
508			1.9184491749790815
509			1.9513601846466768
510			1.9823418555087935
511			2.0067281896505986
512			2.0233044490665697
513			2.0355953293099525
514			2.0474693975055054
515			2.062061850356938
516			2.079815135179937
517			2.1005538304665348
518			2.1241842441635552
519			2.151524359803929
520			2.183962590697604
521			2.222869271014205
522			2.2679369195371955
523			2.3162171941414207
524			2.3645298119123095
525			2.4102848317875503
526			2.453422525744738
527			2.4945609055614213
528			2.534333430993553
529			2.573582121081572
530			2.6132987748156724
531			2.6544626524635944
532			2.696548073139185
533			2.7363041509030035
534			2.7701928146167796
535			2.795713417535446
536			2.8155680518062804
537			2.8340863285299287
538			2.8554089809121095
539			2.88052950793204
540			2.9078480364418646
541			2.9356924025117843
542			2.9632035903237774
543			2.9912227249683543
544			3.0208042675483546
545			3.0528700638655644
546			3.0875614987482507
547			3.1247353972128207
548			3.164198517141868
549			3.2047239754145425
550			3.24410809802923
551			3.2801119513457886
552			3.3114533107533917
553			3.3391671387434743
554			3.3646323400155027
555			3.389155700474788
556			3.4135441611277644
557			3.4383929784935665
558			3.464274338460773
559			3.4911653312794217
560			3.5183985035448857
561			3.5452739767248014
562			3.5709204881428853
563			3.5939845947682807
564			3.6130286753284686
565			3.6268898694704514
566			3.6366575742835603
567			3.6445243976552613
568			3.6526689239740078
569			3.662511556932938
570			3.674532192842488
571			3.689152151139605
572			3.706808482271315
573			3.7279897380011753
574			3.7531949930321287
575			3.782763543776232
576			3.8154779641483616
577			3.8492429900402025
578			3.881956067677881
579			3.9116381426744966
580			3.9364854691273274
581			3.954707642649113
582			3.9643195536089793
583			3.962594255665985
584			3.946628154292129
585			3.91388986802619
586			3.866182887096007
587			3.808111146462527
588			3.7443320108704383
589			3.6799514338713117
590			3.620803247768521
591			3.572787865347698
592			3.5402487387000843
593			3.520641628595401
594			3.509518299543073
595			3.5026059959963916
596			3.4980913083251868
597			3.49597194747966
598			3.4962849553932736
599			3.4987851445510505
600			3.502704623891465
601			3.507218849986099
602			3.5115045261075344
603			3.514744738128133
604			3.5161246090113223
605			3.514905400789086
606			3.511640481959053
607			3.5079623625821594
608			3.505532375149421
609			3.505297813396678
610			3.5066994912790723
611			3.50898717063443
612			3.5114176103322787
613			3.5132888955267947
614			3.513914229800233
615			3.5126829877368873
616			3.5105615886502752
617			3.510002307540012
618			3.5135095721817478
619			3.5218629047263916
620			3.531707257539772
621			3.5390809445594957
622			3.540382967966947
623			3.5344621168470223
624			3.521186037285812
625			3.5005298234797273
626			3.4751201426606486
627			3.450386366503967
628			3.431889304788141
629			3.423324017031166
630			3.423323044340196
631			3.4296685175996147
632			3.4404615582956364
633			3.456285973857699
634			3.4788892478774085
635			3.5098823262196426
636			3.54635708001953
637			3.580078225944632
638			3.6025058509538654
639			3.6078540500310528
640			3.598755432417754
641			3.5794456048520953
642			3.5540231338397175
643			3.525369448278907
644			3.49572879402158
645			3.46730773575369
646			3.441049440794153
647			3.416246714076533
648			3.3920811851099466
649			3.3681270093986386
650			3.3453016973329217
651			3.3248098977503924
652			3.307626974305921
653			3.292416118570134
654			3.2765010343714476
655			3.257261848536762
656			3.23567315392078
657			3.217876388352824
658			3.210413298720345
659			3.2172351679566282
660			3.232445034903298
661			3.2478059760070255
662			3.2556472681617095
663			3.254740404573318
664			3.2479476839484
665			3.238174057604311
666			3.2269186088567183
667			3.2134737913700766
668			3.1969389862040214
669			3.1772327802996467
670			3.157700897478379
671			3.1425851319925897
672			3.1357272148904465
673			3.1358731873311294
674			3.1382571565085975
675			3.1380657729584387
676			3.1322032783560156
677			3.120492531899459
678			3.103040009376986
679			3.080121916889343
680			3.052787603809897
681			3.0223064408489675
682			2.989679089322694
683			2.9521118009461884
684			2.9040015650746964
685			2.8397406263213774
686			2.7596800128777605
687			2.675029094033941
688			2.598150539587915
689			2.538952389960205
690			2.495305361206947
691			2.4613962222997894
692			2.431638126268776
693			2.4039602591693296
694			2.3790582762132972
695			2.3576919905838793
696			2.3393646555823038
697			2.3211496541844214
698			2.299842660361662
699			2.2725228115186553
700			2.237747617290397
701			2.1945549830466966
702			2.1423096247862485
703			2.0858298861853686
704			2.034442863115943
705			1.9975597208391958
706			1.977279385045065
707			1.9608672306181867
708			1.933792690459085
709			1.8839905825398524
710			1.8128910640794622
711			1.726518462467135
712			1.6307308608161755
713			1.528370603560055
714			1.4196914524131934
715			1.3048749920656175
716			1.1860451967439813
717			1.0694081215188127
718			0.9616851461588667
719			0.8687728006414404
720			0.7918956244724997
721			0.7306351402558002
722			0.6843623400417415
723			0.648594662395655
724			0.6154585114410855
725			0.5769909460113152
726			0.5299644857014822
727			0.48132308862483564
728			0.4393279125195491
729			0.41076051821239445
730			0.39386241566751257
731			0.3838177736131595
732			0.37590198621756016
733			0.3671800584871433
734			0.3563100391692412
735			0.3420123445329636
736			0.3242552934300601
737			0.3057073963672904
738			0.28938983734393436
739			0.2780436501947018
740			0.272788698253075
741			0.2741630515029707
742			0.28260483257815605
743			0.2966936270555875
744			0.31335890214864875
745			0.3294738120020565
746			0.3420927965103349
747			0.3486594497774614
748			0.34666772595211465
749			0.33471508847320813
750			0.317692251149244
751			0.30271748815052935
752			0.29647923211822036
753			0.2977926051921153
754			0.2986032348918436
755			0.2906561987843014
756			0.2705469311275234
757			0.24503577727856182
758			0.22216209771546927
759			0.2082597098451737
760			0.20024736709236654
761			0.191812771471459
762			0.17715704789770254
763			0.15939327054955552
764			0.1491572121132822
765			0.1572722537405328
766			0.18788822954688372
767			0.23172684001563112
768			0.2778997241519146
769			0.31716085960184354
770			0.34887797544161114
771			0.37523308996158694
772			0.39832220345309377
773			0.41884251820843
774			0.4363675612312475
775			0.4504383536956539
776			0.4605111975251544
777			0.4658815113550859
778			0.46582672932514
779			0.4602072088935762
780			0.45173269712561775
781			0.4439822220204128
782			0.44030146115050706
783			0.440665888708085
784			0.442518869582505
785			0.4432444190889256
786			0.4404255399334349
787			0.4319956617505413
788			0.41592386444136586
789			0.39181416233151756
790			0.36657208946403524
791			0.3491406791201343
792			0.3475932704626448
793			0.3589095711720885
794			0.3724162112449768
795			0.377378737486685
796			0.3690450567583147
797			0.3522598289173191
798			0.3327323177658596
799			0.31571437523964385
800			0.30462978925782713
801			0.30244572725520746
802			0.3116165564047904
803			0.3289329581086744
804			0.34766815192548434
805			0.3611184886342501
806			0.3663120171759584
807			0.3656315044350388
808			0.36187345815451616
809			0.35645840385123906
810			0.345990650127344
811			0.3260213621290445
812			0.2930954555803008
813			0.2530822305464209
814			0.21695406364111341
815			0.19551069443412478
816			0.19138910234130016
817			0.19694251499907817
818			0.20386925209214737
819			0.20548751473104435
820			0.1999785994822739
821			0.1864326121073865
822			0.16443657191294922
823			0.13746757983053695
824			0.11083521770559329
825			0.08978195724114649
826			0.07746734291385961
827			0.07479117350452981
828			0.0825376137661223
829			0.1005456169126171
830			0.12626736231560884
831			0.1567841006505421
832			0.18903115943732496
833			0.21900760895202678
834			0.24234271643332989
835			0.2548583129000946
836			0.256189194025423
837			0.24945964731008902
838			0.23791928137191265
839			0.224294328350459
840			0.21021955429357134
841			0.19719318132706373
842			0.18660868803637323
843			0.17931896097539884
844			0.17600299253972285
845			0.17698722299614236
846			0.1774782505524853
847			0.16881878774738207
848			0.14235273360015077
849			0.09683031481356245
850			0.04353483836850207
851			-0.005039021521416618
852			-0.03851936961899576
853			-0.055161732283456874
854			-0.055413112934862944
855			-0.040621926803076844
856			-0.021784302458829976
857			-0.015747477332087208
858			-0.03902391953956465
859			-0.09047373174526832
860			-0.1451507372879105
861			-0.1764309555505992
862			-0.16751715253899493
863			-0.13232098548738203
864			-0.09073632507265599
865			-0.060773044692496996
866			-0.0456297679897454
867			-0.041502828277121456
868			-0.04460416403630312
869			-0.052594476322608795
870			-0.06466093988362422
871			-0.08006719218548017
872			-0.09909781539739398
873			-0.1244465583316116
874			-0.15915451744166195
875			-0.2034170797269637
876			-0.24112874956450492
877			-0.2503899771820176
878			-0.21137586893562277
879			-0.13754092707377139
880			-0.06909449036385949
881			-0.04670729582717226
882			-0.08551097705574834
883			-0.15577070461433326
884			-0.22320131368363744
885			-0.25984513864728315
886			-0.26373588815083504
887			-0.23958001969004258
888			-0.19240425833482638
889			-0.1305811831968484
890			-0.06447540710425578
891			-0.0043064504948884825
892			0.04625233083198083
893			0.09196084976378342
894			0.1381304253012834
895			0.18488338774189975
896			0.21740366598276548
897			0.21820326592322642
898			0.17492072324617816
899			0.11078411844385705
900			0.06411577684021588
901			0.07136070985635261
902			0.13013459080307324
903			0.20210416163919856
904			0.24772201247291167
905			0.24616038251116568
906			0.2139003593146957
907			0.17184557451617866
908			0.13628180938026027
909			0.10221077729131808
910			0.05850612544084862
911			-0.004085970888344118
912			-0.07300728110098903
913			-0.1216095029285065
914			-0.123613305548882
915			-0.07915510792151026
916			-0.02447276696175649
917			0.001603906387148259
918			-0.026233988895936356
919			-0.09270384792631395
920			-0.1749373818722218
921			-0.24999789425709917
922			-0.2944643354947229
923			-0.28470660235074896
924			-0.19919530974308253
925			-0.05826332565644928
926			0.07920288137175589
927			0.15314950257955853
928			0.13602864590277683
929			0.06326669447972413
930			-0.022496496582577477
931			-0.08706174211793354
932			-0.13300899053234128
933			-0.1729332645965328
934			-0.21776026655408412
935			-0.2607704153444695
936			-0.28464491226750716
937			-0.2723600870810176
938			-0.22243917180374684
939			-0.1527507503983643
940			-0.08237472834630298
941			-0.030701468131261747
942			-0.01794103946587835
943			-0.06443722934914194
944			-0.18139649274291442
945			-0.3252138538511232
946			-0.431939558232497
947			-0.4375902606120539
948			-0.2781826157148118
949			0.11026672173421158
950			nan
