Nom de l'instrument : SAM_839E
Fichier_calib_utilise: /Users/mdlemineahmedou/Documents/Stage/pipeline_LOG/data/calibration/ALL_2023/Cal_SAM_839e.dat
Date : 2017-07-03
Heure : 20:32:14
InclX : -7
InclY : 12.24
Pressure : +INF
Comment : 
Mission : VITEL

l_onde		data
310			nan
311			nan
312			nan
313			nan
314			nan
315			nan
316			nan
317			0.034855283091020706
318			0.1833880976473461
319			0.20060437221810004
320			0.12409581267834344
321			-0.008545875096862538
322			-0.15972898523245707
323			-0.2918618118533791
324			-0.36885925511486656
325			-0.3857262753528065
326			-0.36669907788912337
327			-0.33708534964835135
328			-0.30804039205366746
329			-0.2587343978554016
330			-0.16394561719360903
331			-0.007947681030376626
332			0.16806274672151858
333			0.3017729731228573
334			0.3339693126330424
335			0.26640271928587084
336			0.15618873241389788
337			0.06233708876621499
338			0.02118284549004085
339			0.019406823859382583
340			0.03711400645723376
341			0.056925079344761695
342			0.07611697179819375
343			0.09725979886760294
344			0.12275796166023342
345			0.15175743725452664
346			0.1805009306170652
347			0.20512248886593162
348			0.22046029050249621
349			0.2185568769584291
350			0.19109091023656954
351			0.13545460891737005
352			0.08197499267025463
353			0.07275520161991784
354			0.14708038492423609
355			0.2912114382016504
356			0.4443590545807239
357			0.5442745433720179
358			0.560477622705941
359			0.5310732457587706
360			0.5031009306527687
361			0.5156371766896958
362			0.5615639261185187
363			0.6171464562466901
364			0.6594053859089263
365			0.6801535319962461
366			0.6844618762284581
367			0.677875312572904
368			0.6668517920265288
369			0.6598514889350598
370			0.6656001598364735
371			0.6895189858527897
372			0.7174223502933963
373			0.7279211986423479
374			0.7009825283909223
375			0.6436366330203128
376			0.5877463626946533
377			0.5660131303766338
378			0.5928663076079348
379			0.6414551366981587
380			0.6792630405617073
381			0.6795027549478396
382			0.650694478291009
383			0.614796366656025
384			0.5930050934594044
385			0.5899292769428692
386			0.5943971016447268
387			0.5946360496286159
388			0.5859009919286292
389			0.5800266122051841
390			0.5912375427398298
391			0.6313186258465203
392			0.6962051340857086
393			0.7755007026939128
394			0.8588833097084796
395			0.9381155038124658
396			1.0070404206620092
397			1.0596088396719407
398			1.0963358495033313
399			1.1341221323865802
400			1.1923828501909504
401			1.2861489655651226
402			1.3999950116945044
403			1.505570648487146
404			1.575441685653242
405			1.6067854840038036
406			1.6228409378446904
407			1.6480833713921728
408			1.6972297210128893
409			1.7589004439903506
410			1.8174000010723979
411			1.859113711956346
412			1.8861033516048828
413			1.9075750966753888
414			1.9326660516069447
415			1.9674317226031124
416			2.0144291415838373
417			2.076022552249607
418			2.150726968093844
419			2.225895218282205
420			2.28686834514416
421			2.321398951437093
422			2.3372187588892865
423			2.3519334943391006
424			2.3828061189932193
425			2.4328792915364423
426			2.4877158731354454
427			2.5318075552207753
428			2.555857905907321
429			2.5703307645523723
430			2.5896103301677598
431			2.6268766186953116
432			2.6841826438500336
433			2.7575662615204846
434			2.842983218159546
435			2.9354155466973055
436			3.0285371957302942
437			3.1159303745948743
438			3.1937319617440467
439			3.267091292513318
440			3.343144122630141
441			3.4283904660410243
442			3.5226817885460417
443			3.621908063819698
444			3.721946567098479
445			3.820807251350554
446			3.919659198467676
447			4.0199268115121995
448			4.121940266688498
449			4.2217058880419565
450			4.3141621400082
451			4.394899804601408
452			4.467351367202344
453			4.540133996270508
454			4.6218780279123965
455			4.715590193287811
456			4.815013112649696
457			4.9130248765187305
458			5.003773179023088
459			5.087073370612193
460			5.164321726884439
461			5.236841182351257
462			5.304922932876229
463			5.36809672824135
464			5.425895551281563
465			5.479988348267968
466			5.535989758787661
467			5.599940697564304
468			5.676763192388194
469			5.765690733008852
470			5.8641534673937405
471			5.9695098431485185
472			6.07792973870058
473			6.184598680443971
474			6.28468646766243
475			6.375589536064028
476			6.459353988812213
477			6.538608518615915
478			6.61582554201614
479			6.692565142192592
480			6.770057266895284
481			6.8493347412880805
482			6.927419220950985
483			6.997586659482088
484			7.052993107207308
485			7.093618380109607
486			7.135677294955141
487			7.197746989881362
488			7.295069379819959
489			7.4203350468912515
490			7.556893313991741
491			7.688347243196364
492			7.805531775993073
493			7.906930172723238
494			7.9913952648239315
495			8.059472533992984
496			8.116330561515026
497			8.167919994368637
498			8.219500992801729
499			8.27087585692204
500			8.31925460998056
501			8.361982133093694
502			8.401356520066406
503			8.44563325600516
504			8.503419915362354
505			8.579659687365695
506			8.667725501316472
507			8.758712254303585
508			8.843797001075295
509			8.914923793762334
510			8.964454751552667
511			8.984991993563977
512			8.979557280135179
513			8.965481116403287
514			8.961132162315414
515			8.981632990035362
516			9.030187364203274
517			9.107264201717166
518			9.212951151510214
519			9.343082895256721
520			9.490833059314705
521			9.649320226463804
522			9.81077037048096
523			9.966004509483898
524			10.105720267539706
525			10.22435114457945
526			10.332342654235035
527			10.444429268732463
528			10.57414218670125
529			10.718758733548546
530			10.863883274062214
531			10.994941398120533
532			11.104662975205626
533			11.199004743927095
534			11.285317305362131
535			11.369250973341865
536			11.447929030097606
537			11.51580733482987
538			11.567871089066696
539			11.607915064113024
540			11.646993259874774
541			11.696355184250992
542			11.763876113068832
543			11.850376432772753
544			11.955791272614237
545			12.07839219573078
546			12.20666042871168
547			12.325507594513537
548			12.420598358487034
549			12.49338177731205
550			12.560223159498031
551			12.638041598464888
552			12.73402112373827
553			12.831767055116876
554			12.911384902876879
555			12.956567083232505
556			12.975866337046847
557			12.988363761257114
558			13.012707367721216
559			13.054983813298586
560			13.107674644789043
561			13.162581760446846
562			13.211873286065977
563			13.248747709531768
564			13.266583397624059
565			13.260287777140723
566			13.237302214609686
567			13.211207506889304
568			13.195314923288842
569			13.191990020791453
570			13.190020427905925
571			13.17734924386686
572			13.146707638762877
573			13.106502314729989
574			13.06834285656295
575			13.04237369107686
576			13.024464186966206
577			13.002433987412896
578			12.964133644550744
579			12.903225111491171
580			12.821619677000646
581			12.721856455241209
582			12.60359326607398
583			12.455510054058662
584			12.263672682052825
585			12.015670219663363
586			11.716831322781367
587			11.383944901381676
588			11.03398525647929
589			10.683497328306284
590			10.34832937767265
591			10.044265938769378
592			9.781855203581106
593			9.548480804511073
594			9.325122887982157
595			9.094146685039236
596			8.857325211842117
597			8.630723837165467
598			8.430619271522238
599			8.260907590706546
600			8.102555294198991
601			7.934043696945385
602			7.7406457113144125
603			7.542404453575803
604			7.370460410082707
605			7.254283595273083
606			7.194913246659867
607			7.169643783606302
608			7.155085947368758
609			7.135323678256533
610			7.110207880470825
611			7.081589028252717
612			7.0517935335830035
613			7.025958820217925
614			7.010250666621774
615			7.010231131571748
616			7.0189274120196075
617			7.017556643114432
618			6.986919335880184
619			6.92089568833204
620			6.844717688320252
621			6.788217367108549
622			6.775037958514988
623			6.786788515336838
624			6.787596235292009
625			6.742801484341773
626			6.650098606437144
627			6.541379999538629
628			6.45015863968956
629			6.397872835353683
630			6.373197545996764
631			6.359304089485909
632			6.341210275902519
633			6.318305060554333
634			6.296713393355481
635			6.282378114574442
636			6.2742765988465115
637			6.263175223294111
638			6.2393702448884
639			6.196385384551848
640			6.137610148289851
641			6.068312619289648
642			5.994045634955788
643			5.922891107990328
644			5.8642549459278115
645			5.827220073684068
646			5.807698055081369
647			5.784394846680286
648			5.734857858577656
649			5.644803280647683
650			5.527903591936281
651			5.403806852140267
652			5.290676655170783
653			5.191706851543966
654			5.1014190186703825
655			5.0143361863323666
656			4.93028999906738
657			4.85674293983437
658			4.8017487064948465
659			4.770454735538472
660			4.756959642899795
661			4.752736822761452
662			4.749242711161005
663			4.7377407947319385
664			4.709372037291799
665			4.655513241844712
666			4.58230368776698
667			4.51905361931151
668			4.497100661511849
669			4.536398460772757
670			4.6092759407196695
671			4.675609909012151
672			4.698356332699386
673			4.679691311156541
674			4.648821339610331
675			4.635253771456347
676			4.650256261955033
677			4.6741026510435
678			4.684054955373639
679			4.661581277600421
680			4.607308979846421
681			4.527317771855201
682			4.427718860083616
683			4.3150626905383
684			4.1962249084700005
685			4.078059368501536
686			3.9645604128179177
687			3.8545116621511792
688			3.7461432891841886
689			3.638587569735523
690			3.5354006279465566
691			3.4414924787933514
692			3.3612588748396695
693			3.2911361445359137
694			3.2212980183552746
695			3.1417931304187894
696			3.04791402593926
697			2.9450936534111167
698			2.839923904368012
699			2.737834001564111
700			2.6381893971383827
701			2.5383851263885178
702			2.436211582747719
703			2.3360792967858512
704			2.247871955587
705			2.1815853587408087
706			2.139771302421614
707			2.109880736916611
708			2.077536308320672
709			2.0297376282550927
710			1.9610217178617324
711			1.8684915317018933
712			1.749858394788889
713			1.613582129262442
714			1.4773486132541929
715			1.3590765718210802
716			1.2657641291635735
717			1.1814589277589223
718			1.0873113254590803
719			0.9695785500173023
720			0.8434433957134336
721			0.7342610223320798
722			0.6660486029075727
723			0.6379126724407098
724			0.6270390032217377
725			0.6099168734481668
726			0.5723078169881287
727			0.5198895243882312
728			0.4609188252283796
729			0.4042143280764045
730			0.36183716052235265
731			0.3470092731155506
732			0.37190808372842277
733			0.4290286344167697
734			0.4933454622576451
735			0.5393041442771174
736			0.5566869595717372
737			0.5684614979523531
738			0.6019297006112275
739			0.6766947474185195
740			0.7678086941336764
741			0.8343354276568699
742			0.8374004725027091
743			0.7771441934034726
744			0.6883466218439165
745			0.6069186983214121
746			0.5557980832014673
747			0.530073548676686
748			0.5212299710567471
749			0.5214464691001987
750			0.5268613865459252
751			0.5350144753259909
752			0.5431412221266884
753			0.5429076676936706
754			0.5211204891135626
755			0.4645070152674153
756			0.3733514135529541
757			0.27634896978266127
758			0.2057698411774385
759			0.18684831834916313
760			0.20597878489360147
761			0.23622658738921284
762			0.25168554388493647
763			0.24440797490750601
764			0.2216052190393217
765			0.19096104115061274
766			0.15973359656948008
767			0.13432465319227652
768			0.12103329626026706
769			0.12564577928841858
770			0.15125865166759256
771			0.20008968129986068
772			0.2737050463947282
773			0.3632743114338938
774			0.45161528607835844
775			0.5213575064002468
776			0.5604586976150667
777			0.5669949061377458
778			0.5401732648100173
779			0.4827821796214715
780			0.41511569094304535
781			0.3628083914403743
782			0.35012016757463993
783			0.3814557028304503
784			0.4463020218770883
785			0.5337339328642221
786			0.628555262329091
787			0.7080484206991663
788			0.748730636083226
789			0.7313852913336921
790			0.6558481621768358
791			0.5272716210842945
792			0.3539765758946866
793			0.18469388143896928
794			0.09603168989949949
795			0.1640726409410479
796			0.3937809912610638
797			0.676034658974948
798			0.8914331379845585
799			0.9532096885904661
800			0.9050196664808704
801			0.8230957330769898
802			0.7779807389051691
803			0.7773757159408387
804			0.7899534541508768
805			0.7842445935191137
806			0.750581626742737
807			0.7105811340463378
808			0.6882767427839739
809			0.6975034564149395
810			0.7163990259382135
811			0.7152954227359584
812			0.6676660201658982
813			0.5764600379869983
814			0.4607583240644806
815			0.33975795640279793
816			0.23089866149714705
817			0.14940618841724315
818			0.11035964133213538
819			0.12091583097352628
820			0.16444780921197863
821			0.2198839488157302
822			0.26759092034578097
823			0.2991950910870876
824			0.3116268762422545
825			0.30201301722948876
826			0.2719026500021509
827			0.22764271952475515
828			0.17582819240363312
829			0.12606842319588646
830			0.09558446184632508
831			0.10278029243265224
832			0.16036082823681785
833			0.24446518668706352
834			0.3167897212595587
835			0.3404193768882573
836			0.30650433881594097
837			0.23187911815249632
838			0.13433507390143976
839			0.03327695635607749
840			-0.04852586625530014
841			-0.08788310733372984
842			-0.06790969264597849
843			-0.004262388246024562
844			0.07693419049752544
845			0.15055172197830682
846			0.20600598632317355
847			0.24368902925683758
848			0.2642330361602334
849			0.26597630762625774
850			0.2433754037380734
851			0.19051170041380924
852			0.10989544939542475
853			0.03829363198738466
854			0.021174883421306
855			0.09757749154441447
856			0.23771639161764493
857			0.3700667911745383
858			0.4236144632607311
859			0.3737545755927067
860			0.25847079235852705
861			0.12016697536830834
862			-0.004236519509170641
863			-0.09495546435999092
864			-0.13554381675673238
865			-0.11321244398607835
866			-0.043921407244930606
867			0.04277752286996648
868			0.11786221775148106
869			0.1677644537680725
870			0.1951988543310825
871			0.2036510400957825
872			0.1951191694946334
873			0.16809137308187114
874			0.12054971434166535
875			0.05533708335062782
876			0.0031403103377787168
877			0.0045431925067788625
878			0.09617656738452691
879			0.2512841060303164
880			0.3921496218868313
881			0.4401949023652126
882			0.36693632050051184
883			0.23189517401080276
884			0.10351817830333329
885			0.035047108438421966
886			0.017266632408607884
887			0.024926845152606122
888			0.03476446452775057
889			0.04427097962424216
890			0.06329472581368624
891			0.10144822486178022
892			0.1530826933217318
893			0.19288857010475993
894			0.19427165626669046
895			0.14361226220933185
896			0.064642567776241
897			-0.01222439049643215
898			-0.05839864891805083
899			-0.05794643335807509
900			-0.0003017153225031016
901			0.12311403636972865
902			0.28132439389053593
903			0.40673220458743825
904			0.43071472236843206
905			0.3318335724439581
906			0.1826903133748702
907			0.06703387942820649
908			0.04749402413647438
909			0.08936038809970916
910			0.1298966415710971
911			0.1122037793313274
912			0.0473881046145464
913			-0.00951425904398376
914			-0.0038964085394526584
915			0.06799772344551101
916			0.14042822897182478
917			0.1426694953399851
918			0.0356704056681365
919			-0.12452925761074339
920			-0.26411925757209026
921			-0.31610667224277644
922			-0.26176785870508834
923			-0.10321287713395656
924			0.15460451719023544
925			0.45172388977352645
926			0.6775256709162115
927			0.7201686267092902
928			0.5479640595077094
929			0.2845041678734341
930			0.07116800680248048
931			0.013483166200065497
932			0.060759088291529796
933			0.11976651973821634
934			0.10649861644619463
935			0.03442964320499631
936			-0.024410912760249613
937			0.0006192486617294821
938			0.10287550021103059
939			0.17954339342693365
940			0.1219082864988288
941			-0.11600964255437948
942			-0.41454993398354595
943			-0.6270315428824103
944			-0.6300281279676455
945			-0.4396096004994012
946			-0.1236237644253092
947			0.2499960869235299
948			0.6133166602160164
949			0.8984046621210497
950			nan
