Nom de l'instrument : SAM_80E0
Fichier_calib_utilise: /Users/mdlemineahmedou/Documents/Stage/pipeline_LOG/data/calibration/ALL_2023/Cal_SAM_80E0.dat
Date : 2017-07-02
Heure : 15:12:09
InclX : 
InclY : 
Pressure : 
Comment : J2-2
Mission : VITEL

l_onde		data
310			nan
311			nan
312			nan
313			nan
314			nan
315			nan
316			nan
317			300.5517671681324
318			294.46746499639147
319			290.7346497378525
320			289.0150698038935
321			288.9704736058922
322			290.2626095552265
323			292.55322606327434
324			295.5076948454512
325			298.88229307506174
326			302.52861876755134
327			306.30244781761104
328			309.9283224026973
329			312.79974309529956
330			314.25882095605715
331			313.84484425509254
332			312.41870595907915
333			311.3844366974681
334			312.09718528277995
335			314.7718986477474
336			318.4956525102261
337			322.30854099879855
338			325.5705697528582
339			328.40342687861545
340			331.03972144941974
341			333.71831562990917
342			336.7176456014915
343			340.3315832917326
344			344.8416438417603
345			350.27002016422773
346			356.3931008608234
347			362.9771705924756
348			369.6893069594064
349			375.9698045140328
350			381.2274115388679
351			384.9702673201947
352			387.3115112679321
353			388.5919264448279
354			389.15187233444556
355			389.315031389732
356			389.38971203758626
357			389.68420939794464
358			390.62555305761543
359			392.905549610099
360			397.2518107581116
361			404.2043173593994
362			413.18550030867726
363			423.2057273222577
364			433.27778689236743
365			442.4743252622898
366			449.9224163142005
367			454.7538062983954
368			456.64465336612284
369			456.4731945178184
370			455.27838453201974
371			454.0577348687291
372			453.56331190002106
373			454.4571603781969
374			457.34848084139054
375			461.8196978348076
376			466.52002653620673
377			470.06715129637837
378			471.5752437635281
379			471.25921825439286
380			469.48185005191516
381			466.7259759168357
382			464.19222906598515
383			463.346841335945
384			465.5971545447824
385			471.17120006415803
386			479.21216290399445
387			488.82283821488835
388			499.10494497743736
389			509.15777475168005
390			518.080286529867
391			525.3203501135303
392			532.4617885146297
393			541.8963732639203
394			555.9629773644021
395			575.8738695986567
396			601.7800265907847
397			633.7878956501972
398			671.1841856554844
399			711.3509504856821
400			751.400374319991
401			788.6199058533007
402			821.4105009169997
403			848.6089840938403
404			869.1319186590993
405			883.6274859581234
406			894.4326735913996
407			903.952281213088
408			913.8457301509915
409			923.9673974697592
410			933.9037839035875
411			943.2590239074727
412			951.7550144724707
413			959.1618904509729
414			965.2478046822577
415			969.7301893506527
416			972.2747426726794
417			972.5455591375144
418			970.5171579472055
419			966.9562934641276
420			962.754279286083
421			958.6248241757093
422			954.0196051827882
423			947.8438558025488
424			939.0407021000556
425			927.6105799943975
426			914.692401890689
427			901.4814164104397
428			889.1668703156863
429			878.9216977528935
430			871.9160877551054
431			869.1624622353967
432			870.4663473107136
433			875.0759062238171
434			882.2307145518545
435			891.0037152741204
436			900.2767938601168
437			908.921677645667
438			916.2016420631578
439			922.5245640709522
440			928.506362001986
441			934.7218465647314
442			941.403411310517
443			948.6134513907404
444			956.4070987582534
445			964.6310330688326
446			972.8753981392272
447			980.7145879137429
448			987.8110120076606
449			994.1063819053898
450			999.5976832743481
451			1004.2766037824157
452			1008.086236220753
453			1010.9435593335845
454			1012.7713125323795
455			1013.7390373745953
456			1014.3446788490979
457			1015.1089183883151
458			1016.4014505835527
459			1018.0674199475242
460			1019.8381322484756
461			1021.4499771431387
462			1022.6912701972543
463			1023.3807083472235
464			1023.3407760033447
465			1022.5652627407216
466			1021.2960854634365
467			1019.7945941977288
468			1018.3288406935981
469			1017.1925595151624
470			1016.6856365983268
471			1017.087791632597
472			1018.4467544487247
473			1020.6617358097111
474			1023.6286319890518
475			1027.1864053769468
476			1031.0836915451537
477			1035.0611078077054
478			1038.83024868061
479			1041.9792498284062
480			1044.0634248774595
481			1044.66471967427
482			1043.7142473916342
483			1041.3887218563066
484			1037.8731879666834
485			1033.6261642913546
486			1029.5841208509366
487			1026.731682382622
488			1025.955628166875
489			1027.67826110959
490			1032.1842021856612
491			1039.6955985898576
492			1049.4897734536582
493			1060.111390313059
494			1070.0894549212178
495			1078.3710934455278
496			1084.7126484224127
497			1088.963041648832
498			1091.0498913372821
499			1091.3197786590724
500			1090.2581556006776
501			1088.3508425045588
502			1086.0885772137867
503			1083.9663129701626
504			1082.478003420806
505			1081.9115653376898
506			1082.1112415559114
507			1082.863649969674
508			1083.912114649926
509			1084.740245345699
510			1084.7352478766372
511			1083.2965973145024
512			1080.0847069636627
513			1075.007793513777
514			1067.9847792740736
515			1059.2125047324462
516			1049.5564921621562
517			1039.98078810235
518			1031.392653279636
519			1024.3137475574579
520			1019.1053934302408
521			1016.1068056204408
522			1015.1106544436298
523			1015.3336796017843
524			1015.9654225039918
525			1016.3591276901376
526			1016.309706796418
527			1015.6858122136008
528			1014.3927823873474
529			1012.6191973510225
530			1010.6854848490552
531			1008.9034622712599
532			1007.294276679684
533			1005.5388218340753
534			1003.2987155316882
535			1000.3371604614271
536			996.7255406026677
537			992.5934623477848
538			988.0901178521183
539			983.5373811911733
540			979.346986219156
541			975.9269404770655
542			973.5097641897099
543			972.0996425219037
544			971.6854610171449
545			972.2381686231661
546			973.6674224694854
547			975.869798876141
548			978.7391472643982
549			982.1417443037135
550			985.9278597883612
551			989.9473120367247
552			994.0371614168433
553			998.0160146471193
554			1001.7010360208582
555			1004.9190685785486
556			1007.5342206261954
557			1009.4195678282936
558			1010.465108905496
559			1010.7579006253163
560			1010.5122896707518
561			1009.9451211062207
562			1009.2977635843412
563			1008.8510018949981
564			1008.8891811117962
565			1009.5445612397242
566			1010.2905717512522
567			1010.4222816108364
568			1009.2824606477255
569			1006.8560976598258
570			1003.5883370839676
571			999.9343379428856
572			996.3489480732655
573			993.2864601091895
574			991.2011092607939
575			990.3975139162346
576			990.4527992507215
577			990.7232949442789
578			990.5994101504212
579			990.0046825097414
580			989.2848465807688
581			988.7950213928249
582			988.6088126843096
583			988.2432473585321
584			987.1500101899499
585			984.8321804840065
586			981.0725505376638
587			975.748610614542
588			968.755176567591
589			960.3006739322977
590			950.8669050670411
591			940.9457539849981
592			931.2080397371026
593			922.7156321883919
594			916.5820684374555
595			913.7640990973348
596			914.2665287426826
597			917.7368185862817
598			923.8099492828806
599			931.8697515075797
600			941.0601745067345
601			950.5159920739384
602			959.4990155648819
603			967.5769026747953
604			974.3624058468752
605			979.5041552560742
606			982.892832286503
607			984.5191810135199
608			984.3775597319374
609			982.5439598797615
610			979.1793648680429
611			974.4488121486625
612			968.5622418404839
613			961.8481600419135
614			954.6544157672256
615			947.3102893954334
616			940.0065297825469
617			932.8712840901004
618			926.0289561043386
619			919.5046609801034
620			913.2114811307855
621			907.0564887777787
622			900.9339183069479
623			894.7010301722867
624			888.2084686486421
625			881.3256994706221
626			874.0765627304572
627			866.5605527840652
628			858.8819992528803
629			851.2902680266208
630			844.2109405668604
631			838.080179879503
632			833.2369613040535
633			829.7170023638839
634			827.4970363078804
635			826.5418463568452
636			826.7092141785649
637			827.8005324856641
638			829.6168473572071
639			831.9654008923932
640			834.6614827739179
641			837.5209106808907
642			840.3032280924
643			842.5792428891923
644			843.8802400724217
645			843.7824690952334
646			842.2980306178258
647			839.6838104113625
648			836.2002988373159
649			832.1474900433433
650			827.8797894206235
651			823.7555637689493
652			820.0536867199538
653			816.7690873239123
654			813.8333224076098
655			811.2021535697521
656			809.0828215502274
657			807.8316568211784
658			807.8051528635209
659			809.2697226490037
660			812.361366661159
661			817.2058780246828
662			823.834594764063
663			831.9232269380028
664			841.0638034539927
665			850.8339742686893
666			860.6531072865797
667			869.8425142837164
668			877.7286998625972
669			884.0086172966139
670			888.937446741528
671			892.8165688135515
672			895.9320311490866
673			898.5097226406954
674			900.7607801999491
675			902.8873826766303
676			904.9886087827169
677			907.097510286637
678			909.2455105715757
679			911.4309457752265
680			913.6008065681781
681			915.697659758858
682			917.5701669653498
683			918.6877932351503
684			918.42430202708
685			916.1874834635712
686			911.788514563167
687			905.30258733121
688			896.8123631387774
689			886.5835391999389
690			875.1709550617687
691			863.1549691997104
692			851.1518657010564
693			839.9252544619625
694			830.2765053948152
695			822.9453107584103
696			817.9305010430559
697			814.7413528652849
698			812.8798339582434
699			811.9368388980299
700			811.6444963253049
701			811.7474899963721
702			812.0364593322341
703			812.490719861175
704			813.1380013656086
705			814.0194216305612
706			815.3361679618964
707			817.3948436813632
708			820.4993376848591
709			824.6667684730028
710			829.4623888446793
711			834.4117069087225
712			838.9846463158551
713			842.4260984242572
714			843.924014760652
715			842.6598599274172
716			837.7393360732658
717			828.2190986802644
718			813.1724888274371
719			792.7080879855937
720			768.5303095649981
721			742.4798205080641
722			716.293063203483
723			691.2970364761082
724			668.7182087166724
725			649.6995843597339
726			634.450298091879
727			622.5938329462058
728			613.7440616461573
729			607.4837643476052
730			603.3495184352506
731			600.8741528748013
732			599.8114831802275
733			600.7435771939331
734			604.4465092498713
735			611.60122113753
736			621.8888580352728
737			634.3925919937366
738			648.1897950730904
739			662.4639010540369
740			676.5479492115536
741			689.7862730682854
742			701.6727962631462
743			712.2269631345625
744			721.5835580384559
745			729.8760260489823
746			737.2248497429362
747			743.7432402679373
748			749.5406787730426
749			754.5801217138282
750			758.6314521242632
751			761.4514051309193
752			762.9124223488149
753			763.2610803785506
754			762.8194368739536
755			761.8405042671628
756			759.9737056473472
757			756.5565571107782
758			750.9155163341961
759			742.0953094822848
760			728.7995905127918
761			709.7121781382197
762			684.2185993576788
763			653.7546551762013
764			620.1286097301072
765			585.2805188769912
766			552.1713832078246
767			524.2388217028727
768			504.8571141272496
769			495.6077187507159
770			496.11224801015203
771			505.891398685239
772			523.8070550333082
773			547.0132810393999
774			572.3910280744497
775			597.0412014319264
776			619.5464789248978
777			639.1012927241875
778			654.9321219374226
779			666.9208417266432
780			675.584596195234
781			681.4665456334034
782			685.092205238094
783			686.9472335956905
784			687.5118199689643
785			687.205926979983
786			686.1032829130048
787			684.1541305554118
788			681.3114190654599
789			677.5773300649056
790			672.9955452532913
791			667.6118367386742
792			661.5663570915555
793			655.1817610863145
794			648.801560796279
795			642.7285749938494
796			637.0698662832206
797			631.873707022403
798			627.1901214346332
799			623.092930777417
800			619.6730365991275
801			617.0195327224508
802			615.0719485340773
803			613.5265465895275
804			612.0572663747607
805			610.4420182467223
806			608.868356986317
807			607.6247120447948
808			606.962716809325
809			606.7482892394264
810			606.6171071298384
811			606.2002160292741
812			605.0635498611563
813			602.6855518784693
814			598.5385386760076
815			592.1508255973818
816			583.2273883899963
817			571.507953545644
818			556.8521587019044
819			540.0868772494116
820			522.5063653177968
821			505.3980695696842
822			489.78411289772265
823			476.3977079849909
824			465.9567796777604
825			458.9212558534084
826			455.11140230567867
827			454.25005197839573
828			456.0040126969061
829			459.6962921299875
830			464.5195609107912
831			469.6915473325712
832			474.88295906548285
833			480.1556228898714
834			485.58406535186396
835			491.22542861249525
836			497.1035066405881
837			503.2383191827825
838			509.69625282318566
839			516.7567803269503
840			524.7605489452918
841			534.0130708319698
842			544.3921171763697
843			555.4900807797009
844			566.8954638285197
845			578.2640443491838
846			589.3499231600805
847			599.9150057831697
848			609.760733147116
849			618.8215980655224
850			627.0600528858965
851			634.4344434941054
852			640.8686801324523
853			646.2694810184747
854			650.5459111553439
855			653.6742569992834
856			655.7043213254798
857			656.6901957242579
858			656.8606892937457
859			656.8673450240334
860			657.424380417087
861			659.1463723575772
862			662.0712275461117
863			666.029877743146
864			670.8524374026206
865			676.3603157704823
866			682.3679634678874
867			688.6877552901458
868			694.9798410573206
869			700.642492051198
870			705.048123120774
871			707.8072293145726
872			709.4698618675977
873			710.8178125669757
874			712.5778425689488
875			714.9385488012535
876			717.7841647098675
877			720.995287727115
878			724.4464813718989
879			728.0050237743925
880			731.5377385749989
881			734.9012573253149
882			737.9253446846438
883			740.435390215058
884			742.2941425515048
885			743.5958425934359
886			744.52328383903
887			745.2492546407481
888			745.7755973516097
889			745.9623659238634
890			745.6661877198659
891			744.8169911949375
892			743.472872816973
893			741.7048498751539
894			739.4700275614554
895			736.2788588963805
896			731.532338681239
897			724.638161860354
898			715.067257154375
899			702.3253210917825
900			685.9353888527423
901			665.9297275555425
902			642.926095600913
903			617.5755321203811
904			590.8452536374264
905			564.473842225792
906			540.3152986714272
907			519.9890302943231
908			503.81171143988155
909			491.65040765452306
910			483.32978284672254
911			478.08378976555167
912			474.7100465225323
913			471.9997711452203
914			468.9603599476614
915			464.9273009893124
916			459.2635929859543
917			451.67409470508903
918			442.97961516037117
919			434.2283012488612
920			426.40096957239706
921			419.97467712472223
922			415.1982665195917
923			412.3169241577663
924			411.52415532665145
925			412.9651235731657
926			416.77948283974564
927			422.6915473406116
928			429.63286510102233
929			436.44580878460295
930			441.99869759658867
931			445.26731899330156
932			445.25528043912556
933			441.0080996525932
934			431.9725806411375
935			417.8187174854305
936			398.2500772729024
937			373.85804373383706
938			346.2285956141921
939			316.9998296987361
940			287.6940022098742
941			259.56946466716175
942			233.84800048497334
943			211.60286484131234
944			193.1739675322408
945			178.67528273158766
946			168.22072132170857
947			161.92419418495933
948			159.8996122036956
949			nan
950			nan
