Nom de l'instrument : SAM_839E
Fichier_calib_utilise: /Users/mdlemineahmedou/Documents/Stage/pipeline_LOG/data/calibration/ALL_2023/Cal_SAM_839e.dat
Date : 2017-07-01
Heure : 16:55:03
InclX : -10
InclY : 2.72
Pressure : +INF
Comment : 
Mission : VITEL

l_onde		data
310			nan
311			nan
312			nan
313			nan
314			nan
315			nan
316			nan
317			0.18183963861568214
318			0.28960342919764037
319			0.35001559375192914
320			0.372136221763047
321			0.3650254027154924
322			0.3377432260937639
323			0.2993497813823599
324			0.25898320022681964
325			0.2273920787435405
326			0.21683919093135065
327			0.23959642214559604
328			0.2967676426638137
329			0.364216442537322
330			0.4143406158010918
331			0.42543970589251895
332			0.4111931406367285
333			0.3984047832052661
334			0.41255734281279877
335			0.4530115051784498
336			0.49540543411205734
337			0.5145965599280048
338			0.5011823164562642
339			0.48022844583065283
340			0.4813654172696411
341			0.5274471667681344
342			0.6018482083855088
343			0.6736848379268151
344			0.7132850346488211
345			0.714176978549225
346			0.6905603445586327
347			0.6573469859955476
348			0.6274386226802764
349			0.6094004208272005
350			0.6112331019070257
351			0.6383860264140542
352			0.6816016791649572
353			0.7263639755066064
354			0.7587764234235558
355			0.7766638397804158
356			0.7882517528038684
357			0.8021048739060016
358			0.8228051390927851
359			0.8463360182363452
360			0.8675608632408927
361			0.8826962111856476
362			0.895808610706887
363			0.9137883416367856
364			0.9430865380414504
365			0.9817256619770424
366			1.0201736036659534
367			1.0486517806949487
368			1.0614853137310725
369			1.0619982466820908
370			1.0547082733867874
371			1.0443672803026842
372			1.0371166719786875
373			1.0396083548454538
374			1.0579796023216375
375			1.0881645790831485
376			1.116735350071598
377			1.129951158089904
378			1.1217062575861791
379			1.1031438934272837
380			1.0877747852501496
381			1.0867422450567306
382			1.0966001988018372
383			1.1083498780056082
384			1.1133840986765478
385			1.111570103783603
386			1.1108369694289324
387			1.1194194545220055
388			1.1416293400224105
389			1.1725228726337376
390			1.2058221313080184
391			1.2360614735806388
392			1.2630520497589717
393			1.2887130003725473
394			1.3151293820701335
395			1.3480625155393788
396			1.3969429600637249
397			1.4713404322723518
398			1.5733855496492484
399			1.6866397169032976
400			1.7918147680375578
401			1.872231365924035
402			1.9293333490550044
403			1.9722555345569162
404			2.0099307208917336
405			2.045415430423047
406			2.075543710314275
407			2.0968536584968986
408			2.1077883007261082
409			2.1118849375361197
410			2.1135233920186165
411			2.116753250661381
412			2.123136214192642
413			2.1331001520671737
414			2.14697719943644
415			2.1624685632647513
416			2.174288612550746
417			2.176993374564985
418			2.168521664914157
419			2.156621872786802
420			2.150810389979286
421			2.1588218189724095
422			2.1736291248006494
423			2.180909831503788
424			2.166664568586709
425			2.1298069009849647
426			2.085123156983925
427			2.0483728389072984
428			2.0310067725291323
429			2.030769681322412
430			2.0426870522768357
431			2.0620912774667004
432			2.087150641319261
433			2.1175664862889154
434			2.1530390527384227
435			2.192592169140792
436			2.23434097391256
437			2.2763368091919403
438			2.317370923409128
439			2.358844833975981
440			2.4027353832796896
441			2.451007304163123
442			2.5054986886050843
443			2.567972170488154
444			2.6401172247292877
445			2.719780460677668
446			2.7991160628100924
447			2.8698181532044624
448			2.926272441879413
449			2.973500484833543
450			3.0191505676389836
451			3.0701789662378327
452			3.1252231032650903
453			3.1774202420205455
454			3.219878842115473
455			3.2506179672222206
456			3.2757462216321573
457			3.3021271281016533
458			3.335160501005263
459			3.3737119923902297
460			3.4148246276367655
461			3.4555816779100437
462			3.493633168293189
463			3.5270474008728487
464			3.55393615362296
465			3.5758369824082323
466			3.6006157672102206
467			3.6368220719694335
468			3.690618518297799
469			3.756032263684509
470			3.8232433630169194
471			3.882907507495816
472			3.9336714366250667
473			3.980799935193213
474			4.029742518920456
475			4.083587985122846
476			4.140495473353219
477			4.198006451663568
478			4.253426589357868
479			4.302684973070911
480			4.341212561526924
481			4.364672033621424
482			4.373466130744956
483			4.372423949522064
484			4.36654241054568
485			4.360312810612957
486			4.357023473978749
487			4.3597876828524065
488			4.371661805327858
489			4.395317380934466
490			4.433266544726115
491			4.487717198035112
492			4.553133948450192
493			4.615792221171349
494			4.661584708574268
495			4.683243799176234
496			4.692182997812005
497			4.702975996528883
498			4.72836831855497
499			4.7666549708598
500			4.8092675124858735
501			4.847791301439734
502			4.880239307696779
503			4.912355200889441
504			4.950340323834667
505			4.997600407745808
506			5.048714067983621
507			5.096521976735362
508			5.134174257764917
509			5.157709974846014
510			5.164742865507575
511			5.1530647775807275
512			5.12763771864734
513			5.103270099237013
514			5.095484671965852
515			5.115118110396949
516			5.155800999410061
517			5.20721587516504
518			5.25977606772746
519			5.312046765804699
520			5.367693725650498
521			5.4304152156594085
522			5.5010540907755106
523			5.5759588200757095
524			5.651083140978544
525			5.723131039578675
526			5.7920220777871245
527			5.858537137757964
528			5.923377208255685
529			5.986163985922657
530			6.045744057723336
531			6.100936600689793
532			6.149567400235513
533			6.187663370202276
534			6.21106185730575
535			6.217294606675814
536			6.212390862234973
537			6.205038052494154
538			6.203516727920103
539			6.2093325267408686
540			6.218408449446483
541			6.226517533845054
542			6.2320904363515925
543			6.239114397781197
544			6.252273906778346
545			6.274894120526441
546			6.302300326307322
547			6.326901020491593
548			6.341430204412824
549			6.345486344184763
550			6.345154826018404
551			6.346766849428101
552			6.354001129733356
553			6.364111960640726
554			6.3734000530611805
555			6.378392913141916
556			6.377189931907759
557			6.368556194172042
558			6.351455332334275
559			6.330083235518029
560			6.314302811142247
561			6.314252774640271
562			6.33385008567701
563			6.359507118406387
564			6.3745803256546925
565			6.364632151796443
566			6.333307892620755
567			6.293110266947857
568			6.256414237851337
569			6.228974829121377
570			6.208335167559022
571			6.191526837108296
572			6.175365631188687
573			6.155960872620985
574			6.129277535541493
575			6.091717364128911
576			6.0439375602168735
577			5.9889949842438055
578			5.929883044648758
579			5.865266711534483
580			5.7876666980791285
581			5.689136105267655
582			5.564785797030965
583			5.421376866959319
584			5.268444593204354
585			5.114804238178204
586			4.960885609499852
587			4.801701283461828
588			4.632268468011322
589			4.454091009922724
590			4.2791979552185335
591			4.120581110326155
592			3.9875418568453442
593			3.8730558546349747
594			3.7655857690409102
595			3.6540940988262407
596			3.5345480562848848
597			3.4080732906553086
598			3.2759332399835097
599			3.141229107727672
600			3.010465734010988
601			2.890516856536184
602			2.786753555850451
603			2.696853921818773
604			2.616040724662576
605			2.539918740374005
606			2.4705937245000196
607			2.4156009211214746
608			2.382601038762717
609			2.372407675751397
610			2.371388389506747
611			2.3640786871690995
612			2.3378296928788576
613			2.29662229530661
614			2.250521063311735
615			2.2093523539366515
616			2.1778213088017995
617			2.1558079767997786
618			2.14299739430496
619			2.136963484255624
620			2.1302198661736993
621			2.1145376943016805
622			2.0836574822753486
623			2.044695590970426
624			2.0103313449586935
625			1.9928242278199224
626			1.9932775725954455
627			2.001002695939231
628			2.0047506921832774
629			1.996531058663606
630			1.9771946288518503
631			1.9490774184989832
632			1.9148782416298307
633			1.8801195508640836
634			1.8516472851578287
635			1.8360987516470533
636			1.8332883078625615
637			1.8349873138976551
638			1.832506372414596
639			1.8198681214953598
640			1.7993854106671545
641			1.774949656385493
642			1.7502594570484837
643			1.7273008766781048
644			1.7071634513571685
645			1.6908369924581808
646			1.6756950612637371
647			1.6543873504778475
648			1.619245730606324
649			1.5669915590690473
650			1.5093684816606074
651			1.4613311173914239
652			1.4361298101931987
653			1.4298285458822375
654			1.428534907727771
655			1.4183872532976227
656			1.3930556175237974
657			1.3570364026035757
658			1.3156648296724505
659			1.2753053017032276
660			1.2462348929615512
661			1.2396603361987608
662			1.265213855875985
663			1.3146129555450412
664			1.3681992961459812
665			1.4063155259277842
666			1.4206384449441658
667			1.420634770519665
668			1.4173277773581183
669			1.419935200747101
670			1.430121325904529
671			1.447575488259202
672			1.4719000380594232
673			1.5015894651538855
674			1.534374725375107
675			1.5679852525777367
676			1.6012094793881142
677			1.6346353425753732
678			1.6690256456819879
679			1.7042014128538818
680			1.7356937426846941
681			1.7578129055090812
682			1.7650843973913761
683			1.7550739411262977
684			1.7275981484259946
685			1.6825625483341928
686			1.6233649892328785
687			1.5597671677796532
688			1.5022067061148274
689			1.4586084324104542
690			1.4245746155412968
691			1.3919362829481814
692			1.3529654748542759
693			1.3067702619719803
694			1.257837409515244
695			1.210790745488427
696			1.1692791507927138
697			1.1350662041890582
698			1.109700013935757
699			1.0930249108148107
700			1.0759993623444517
701			1.0466943827180144
702			0.9941147342278355
703			0.9228848091287692
704			0.8505424299739122
705			0.7949431559816871
706			0.7639551181395341
707			0.7451860302761903
708			0.7237906174337885
709			0.6879711585515443
710			0.6426120217841088
711			0.5982765993735506
712			0.5650391008676063
713			0.5442161088063814
714			0.5296070285675748
715			0.5147701601969299
716			0.49374304786969986
717			0.4615704041193501
718			0.41342408710681083
719			0.34764686510808973
720			0.2805416998750709
721			0.23472768364596397
722			0.23129205156499344
723			0.2629105506346409
724			0.29725750119901184
725			0.3012598654996366
726			0.2608559290073034
727			0.2028189698363616
728			0.15921039097142128
729			0.1558487273561503
730			0.1825194496668582
731			0.2161081788000463
732			0.23431104336715775
733			0.23038346132476253
734			0.21143114029856935
735			0.1850408858350511
736			0.15832942615489226
737			0.1373963436775266
738			0.12820837085914022
739			0.1340020358657591
740			0.14221474475927057
741			0.13461403472459368
742			0.0944603807717365
743			0.033123720732742126
744			-0.013068775406785109
745			-0.007065420967509915
746			0.06268170088545334
747			0.1529732397449121
748			0.2135250578401643
749			0.20444084241662872
750			0.14506545267943685
751			0.07571276681348088
752			0.03501032234904859
753			0.03043847940528829
754			0.042301562350902724
755			0.050036597552959076
756			0.04029732369893044
757			0.014861571132918182
758			-0.022589818379450677
759			-0.06654284226078291
760			-0.101363949137343
761			-0.1079467718933562
762			-0.069012325762568
763			0.0011233794754545005
764			0.06147456614813481
765			0.07042809385393978
766			0.015239595993906022
767			-0.058747181318824136
768			-0.09922360502719643
769			-0.06649511123518197
770			0.012974488594802635
771			0.0911060852163306
772			0.12256066157568717
773			0.1059467718991717
774			0.07517670967908384
775			0.06499478657087138
776			0.09166308589002743
777			0.13634562708977643
778			0.17628295824313
779			0.1930725351399555
780			0.18960883012697308
781			0.17528352828625657
782			0.15918975138335756
783			0.14608958135402056
784			0.13749109288093514
785			0.13475909017811455
786			0.13368487305059407
787			0.12024451622082762
788			0.07941555416597881
789			0.004803267376334535
790			-0.07145606407260398
791			-0.10647403105011058
792			-0.06208774762178428
793			0.039588093028823865
794			0.13485557077128713
795			0.15987911930246015
796			0.09613813601855344
797			-0.0021948455957173435
798			-0.0743981214938718
799			-0.07665585253068334
800			-0.03271713515011581
801			0.016792318650505806
802			0.034315504809813054
803			0.016188142743563155
804			-0.02020479391457177
805			-0.05723483622915422
806			-0.08083140958695581
807			-0.08202926133305372
808			-0.052258313636784785
809			0.009314141598342176
810			0.07643844884509991
811			0.11694295725787476
812			0.1035112440726843
813			0.054383602377414055
814			0.012732739001723949
815			0.020918480205542298
816			0.08253030380376898
817			0.1523133466907609
818			0.1819123872883486
819			0.14564438486676895
820			0.08589114461734909
821			0.057754344987561636
822			0.10710939843482564
823			0.20760400667032392
824			0.2988619320246233
825			0.322132177063185
826			0.26748465528560095
827			0.1779545695953419
828			0.09919301760758731
829			0.06113574898264504
830			0.05403535265370165
831			0.061977254663924244
832			0.06924407823668476
833			0.061383682998396666
834			0.02444367185429617
835			-0.05386629914345885
836			-0.15310476189939462
837			-0.22287523929297975
838			-0.21191800271537678
839			-0.1072130594524404
840			0.024513211679064232
841			0.106558050168964
842			0.08105910533176694
843			-0.012608708236886182
844			-0.10379181954866733
845			-0.12638772335380935
846			-0.08061707648504925
847			-0.016753860185297516
848			0.014157731129632407
849			-0.0034583814915594784
850			-0.025158688692823592
851			-0.0006985722937812186
852			0.10225465316929717
853			0.24323579977336993
854			0.36328807491116766
855			0.40854927567127813
856			0.37968409162127387
857			0.3104264767624837
858			0.2346980764956085
859			0.17473175615542438
860			0.13699669410983722
861			0.1268441061523813
862			0.1405658351016262
863			0.14614289925063131
864			0.10604125632621685
865			-0.008967921317924295
866			-0.16282111220252596
867			-0.2885866377055778
868			-0.3216455493822109
869			-0.2605739615675296
870			-0.17053281248010993
871			-0.11973414382894391
872			-0.14209869265310096
873			-0.19062854573866675
874			-0.20665914058347037
875			-0.1457751378671193
876			-0.04518404778799192
877			0.02889425117569909
878			0.015356382136394816
879			-0.06454484777086218
880			-0.12334670840107846
881			-0.07245900011704746
882			0.11226829757910756
883			0.341778297870107
884			0.5155327231332499
885			0.5576636689321199
886			0.49364135543589693
887			0.37495247457193276
888			0.25072426050915236
889			0.14543402346866247
890			0.06888315565474556
891			0.030170038886402347
892			0.019005625020090972
893			0.00012449958999512936
894			-0.06336210776365042
895			-0.1832326549107816
896			-0.29897638332395093
897			-0.33715268913225444
898			-0.24141178017090004
899			-0.07405219652403212
900			0.05230636742356762
901			0.030637157604183205
902			-0.13001581753238906
903			-0.31314805505502497
904			-0.3986995653258099
905			-0.332406380213336
906			-0.19113806810263392
907			-0.06730860226237416
908			-0.028494267754990563
909			-0.0277923172710029
910			0.01466057020229644
911			0.16883508120106286
912			0.3894673910709307
913			0.5568549072994176
914			0.5524589751505947
915			0.3629839160139899
916			0.1189657730487256
917			-0.038733544077115795
918			-0.024198541875520344
919			0.08353008382220996
920			0.17458485484781022
921			0.15145072708766655
922			0.004072762150860807
923			-0.23985496053649688
924			-0.5500409219501198
925			-0.8474230546356074
926			-1.0080234037899265
927			-0.9071542668927212
928			-0.5359730607134764
929			-0.11006595728024546
930			0.12927338161703922
931			0.015578765206081634
932			-0.2915649171318033
933			-0.5437880359389482
934			-0.5186003186993712
935			-0.26705009153692966
936			-0.0044956035086082535
937			0.05690005501415872
938			-0.1028148312541155
939			-0.2644191419911104
940			-0.19395922108185373
941			0.21762014348178882
942			0.7496017418575851
943			1.1274732141709727
944			1.1244228476180813
945			0.799777235784745
946			0.3190711194427333
947			-0.15198540261076082
948			-0.4476822315785456
949			-0.4023092686634282
950			nan
