Nom de l'instrument : SAM_839E
Fichier_calib_utilise: /Users/mdlemineahmedou/Documents/Stage/pipeline_LOG/data/calibration/ALL_2023/Cal_SAM_839e.dat
Date : 2017-07-02
Heure : 17:09:39
InclX : -9
InclY : 9.52
Pressure : +INF
Comment : 
Mission : VITEL

l_onde		data
310			nan
311			nan
312			nan
313			nan
314			nan
315			nan
316			nan
317			-0.14820582196304433
318			-0.28994779148626115
319			-0.28154190901978704
320			-0.17191585725316022
321			-0.009997318875919205
322			0.1552860234223977
323			0.27500648695225216
324			0.3027674269493365
325			0.24440225735906468
326			0.15485171558996938
327			0.09084762463642251
328			0.08333081612578176
329			0.10495317374971366
330			0.120362803042828
331			0.10096333012280238
332			0.05865646411803463
333			0.020366983941528537
334			0.011744306822044128
335			0.03314594913753254
336			0.06196077508005587
337			0.07479752251757694
338			0.058784232760263525
339			0.024084684932986176
340			-0.016086659589742047
341			-0.04899478010579929
342			-0.06469783053110637
343			-0.05426273571525004
344			-0.009730909344536635
345			0.058516628407599594
346			0.12375817623295433
347			0.15878182740466024
348			0.1512659489337598
349			0.12101238138628168
350			0.09200414869283696
351			0.08411238052571582
352			0.0935059087577386
353			0.1078786055011006
354			0.11530620627223327
355			0.11121168122079345
356			0.09753744875188193
357			0.07646690886852073
358			0.05288936007838781
359			0.03753590070999904
360			0.04189863749062858
361			0.07408094129233536
362			0.1225276646125191
363			0.16861228544216328
364			0.19440019796752717
365			0.19530268561871694
366			0.1786928781118484
367			0.1523676159874624
368			0.12418920509804844
369			0.10216350878688668
370			0.09431543238532561
371			0.10632763007154679
372			0.1299856470139599
373			0.15196930119082377
374			0.1595211847885294
375			0.15117979081254723
376			0.13584842878881878
377			0.12280116547072784
378			0.11834490203903518
379			0.12208313005164405
380			0.1326992783398699
381			0.14845242272954945
382			0.16498652125872226
383			0.1769502227769956
384			0.17932317455701838
385			0.17409626391516683
386			0.1699302624624442
387			0.17573339934817123
388			0.1956590816043102
389			0.22264260095587715
390			0.24800217903103067
391			0.264424161030148
392			0.2734826121120044
393			0.28030209251432453
394			0.2899687109269489
395			0.3064738277116316
396			0.33271614699662044
397			0.3715389897391998
398			0.42276899662604855
399			0.47870267912711717
400			0.5304809996922152
401			0.5699081182924707
402			0.5933953369361336
403			0.5993091023430943
404			0.5863872988282347
405			0.5626784485270673
406			0.5460902449222015
407			0.554987829059201
408			0.5981151186476438
409			0.6584863660660479
410			0.714860493076145
411			0.7486171677246625
412			0.7608798335357726
413			0.761769979866894
414			0.7613718042945785
415			0.767341732125569
416			0.7845799893819295
417			0.817833591088642
418			0.8674016569018997
419			0.9206850838966869
420			0.9627600920384622
421			0.9808905671152002
422			0.9804646082792612
423			0.9758275953136858
424			0.9811063775734127
425			1.0007111023808646
426			1.027108009127468
427			1.0520311289852564
428			1.070687839088839
429			1.0893343930761534
430			1.1164190979805753
431			1.1591463515617284
432			1.2132264676614655
433			1.2681561612181347
434			1.3135907578566821
435			1.3483967010328828
436			1.383814627070383
437			1.4319542771177916
438			1.5002351022404807
439			1.5795299734139803
440			1.6570647578571347
441			1.7212610006675515
442			1.7730445720995278
443			1.8207919593770545
444			1.8728738770326292
445			1.932070567669507
446			1.9928811251239276
447			2.0491353597166078
448			2.096029746256845
449			2.134161152677581
450			2.1654601793062787
451			2.192077017193169
452			2.2188016226909024
453			2.2521692804125197
454			2.298655707319934
455			2.3582912658489663
456			2.4204884888172744
457			2.473669049856
458			2.5091550812755514
459			2.5312166960561124
460			2.5477356919923495
461			2.5662612835073504
462			2.589666204691012
463			2.617371843080793
464			2.6487070452729373
465			2.681787557028543
466			2.7124882037933857
467			2.736441711960697
468			2.7516965137977234
469			2.7685827425638783
470			2.8013239931418044
471			2.8629885499826413
472			2.947271323999502
473			3.0318225397854164
474			3.093890272376096
475			3.1237423158857953
476			3.1388342726475433
477			3.1600282967498736
478			3.203858362241659
479			3.261590719394573
480			3.3153482820634035
481			3.34803842953224
482			3.358824903109163
483			3.362051926048684
484			3.372625193283359
485			3.3996406126989687
486			3.438371534081383
487			3.482080015388307
488			3.5249203945587837
489			3.5670802197785494
490			3.6112461279274615
491			3.6600680714869633
492			3.71505664784576
493			3.776517490850042
494			3.8446945468519247
495			3.917255559078979
496			3.9848319420636455
497			4.036864811236981
498			4.0650129054051645
499			4.078463871154244
500			4.094730922379554
501			4.130979601894077
502			4.191278425828468
503			4.263943686910369
504			4.336358296324019
505			4.399544638005144
506			4.4560166949292475
507			4.510550994988819
508			4.567212583669605
509			4.623424336417423
510			4.672988682838503
511			4.709825506602243
512			4.73465572411476
513			4.757539752032439
514			4.7892156058532445
515			4.837460465659218
516			4.899180078044725
517			4.968785668632246
518			5.0410394256844935
519			5.11461845493859
520			5.190649401788083
521			5.270297959708214
522			5.354824528160339
523			5.445638572670321
524			5.5441626508964115
525			5.650380607285104
526			5.7581099422990265
527			5.859516446970743
528			5.94731275611341
529			6.021598248887569
530			6.087777204688441
531			6.151359135658579
532			6.216816195651668
533			6.286742050420021
534			6.363532408509667
535			6.448323610894551
536			6.5359362027277275
537			6.619215024131346
538			6.691322046179707
539			6.750699230439213
540			6.800139336411223
541			6.842575517463472
542			6.882643411554834
543			6.928538234115516
544			6.988901861237506
545			7.070285578088489
546			7.166937228114473
547			7.268618760936645
548			7.365329656563438
549			7.452149997603427
550			7.528961036773621
551			7.595837057794788
552			7.654413884414768
553			7.710109452078432
554			7.76890307854061
555			7.835591509496776
556			7.906775255273037
557			7.975583717686044
558			8.035324009637884
559			8.084376250243563
560			8.126615093870704
561			8.166188606576844
562			8.206206186940138
563			8.246854996731798
564			8.28781203849778
565			8.328753471621788
566			8.369348543957178
567			8.409263117920634
568			8.4481898062185
569			8.486761703133404
570			8.526778550781728
571			8.570112550125666
572			8.617801750128832
573			8.668153292718372
574			8.718916330799864
575			8.768186542425846
576			8.817435805814048
577			8.870039843241964
578			8.929278064703315
579			8.992795446466292
580			9.050238835740853
581			9.090646367978717
582			9.104685479505239
583			9.089231324411157
584			9.042637255525763
585			8.963901927289355
586			8.859539312475123
587			8.740918483419204
588			8.61947132389712
589			8.505376615721087
590			8.406779861497665
591			8.331640575837833
592			8.285378225974839
593			8.262175603519468
594			8.253109294045585
595			8.249988099918804
596			8.254880500639054
597			8.277410444939347
598			8.32727841376476
599			8.404032174497669
600			8.488416143503915
601			8.559136766778286
602			8.599137508265674
603			8.613053632659042
604			8.612443629529821
605			8.608573354778514
606			8.6076913810966
607			8.611855946253723
608			8.622981368126151
609			8.640427142515488
610			8.65816259869405
611			8.669473483757148
612			8.669240587859916
613			8.661765439311734
614			8.654795962669427
615			8.655864289331541
616			8.667927047735942
617			8.689629931465653
618			8.719443867851107
619			8.753793059760822
620			8.784195745935632
621			8.801450345033022
622			8.797713064048851
623			8.774362179582038
624			8.736611391699176
625			8.689762267937633
626			8.64103452525473
627			8.599675358573055
628			8.575023875242309
629			8.573051766387117
630			8.590593591010157
631			8.622949037535344
632			8.665246511028721
633			8.7112813277993
634			8.75422396330063
635			8.7873585134598
636			8.807667480238704
637			8.816493103246765
638			8.81542849629208
639			8.806559934139703
640			8.793481197164683
641			8.780073114934465
642			8.769204885452037
643			8.754760791855869
644			8.725921429393944
645			8.672033507285237
646			8.590606471023207
647			8.489812660658806
648			8.378543149886996
649			8.26673163934469
650			8.167880046842221
651			8.096252986890077
652			8.064118402651284
653			8.063609278299637
654			8.075194011735357
655			8.079483087053255
656			8.07114562908013
657			8.065059276690253
658			8.077667372045227
659			8.1192484024204
660			8.176643742363895
661			8.23112606179818
662			8.265845609391924
663			8.285315683746509
664			8.30761511401065
665			8.350804282901379
666			8.418355681649922
667			8.490844862469983
668			8.546843973127203
669			8.569154377361368
670			8.558270307540178
671			8.519312031398384
672			8.45818609544704
673			8.39081378583545
674			8.340018516796569
675			8.328507169059531
676			8.359257997781542
677			8.401725382174698
678			8.422106019583625
679			8.39342585796707
680			8.319818954910938
681			8.214272122869124
682			8.089368405811205
683			7.951980697297622
684			7.80475427386792
685			7.650253851943079
686			7.4928806465187225
687			7.340382416006269
688			7.200862366319318
689			7.08096857863841
690			6.980213308033983
691			6.895924935070992
692			6.825181260271691
693			6.761193006495312
694			6.694128220095201
695			6.614142984886476
696			6.519756352856421
697			6.425659250078891
698			6.348390880293164
699			6.29971989635432
700			6.266534669836795
701			6.227638747152224
702			6.162889101965522
703			6.069807126728802
704			5.960518160422673
705			5.847561748222234
706			5.739994480656876
707			5.63980745427347
708			5.548136325310065
709			5.4625532846428415
710			5.361124371955765
711			5.215275217506686
712			4.9979894460783845
713			4.70997290895088
714			4.375727045836354
715			4.020515494165639
716			3.667917732674143
717			3.337973851205912
718			3.0502771247127587
719			2.820601550510214
720			2.643088546371572
721			2.5042719174167214
722			2.3907485476066888
723			2.2904349908897634
724			2.1924090790830695
725			2.0858256214917374
726			1.9665392519106268
727			1.8447953585524879
728			1.7327029299740995
729			1.6412290856674754
730			1.5747502177336572
731			1.5352832355316022
732			1.5243903450412695
733			1.5351341195666157
734			1.5530110815443274
735			1.56328076233124
736			1.5562399182559945
737			1.5330847724986472
738			1.496435133499937
739			1.4501593952565506
740			1.4053512556470036
741			1.3756973746989871
742			1.3740946502451146
743			1.3985799598698452
744			1.433996582351149
745			1.4647535305447716
746			1.4795704621641528
747			1.4764204130487517
748			1.454473889153335
749			1.4152836283700876
750			1.3739881010841462
751			1.3505345867077947
752			1.3633475241611477
753			1.4030230795319667
754			1.4358771405578263
755			1.4275127085800696
756			1.3600218731298805
757			1.2500529690265139
758			1.1186024222646314
759			0.986476046870756
760			0.8734274267013354
761			0.7988490424082725
762			0.7808873083332643
763			0.8161868012409687
764			0.8832421021230991
765			0.9600359560941646
766			1.0324846565718966
767			1.1024679338416998
768			1.1737795678598766
769			1.2486052650571007
770			1.3206966943972767
771			1.3810499518669206
772			1.4212636903517413
773			1.442582864129511
774			1.4540014452122678
775			1.4646954272953447
776			1.4797166999123186
777			1.4962854091196507
778			1.5107462218730117
779			1.52003888903566
780			1.5240119932975176
781			1.5234015326885244
782			1.5190638467548854
783			1.5135886180539644
784			1.510867828579746
785			1.5147798724068533
786			1.5252629176912247
787			1.535316194098713
788			1.5372330066440658
789			1.5254518281084204
790			1.5039913226915385
791			1.4795435203406477
792			1.4590008887381303
793			1.4518108575614366
794			1.4691834283436969
795			1.522108291196902
796			1.6047415115306332
797			1.684235073288719
798			1.7253080713571043
799			1.704678800105375
800			1.6470208135109263
801			1.5889861048570577
802			1.5643788084484216
803			1.5755495286742638
804			1.6053144896995075
805			1.636243164216599
806			1.6531854078237285
807			1.6442632612566184
808			1.5978522605624013
809			1.510031673291156
810			1.4038453899837495
811			1.3082335506123068
812			1.2495086053593356
813			1.229327331166083
814			1.2358528754432585
815			1.2569610783494694
816			1.27509276903602
817			1.2658415456853238
818			1.204374616655475
819			1.0810888621303554
820			0.9321026247849078
821			0.8020786170065413
822			0.7300317932393949
823			0.7107637037691846
824			0.7182485160481596
825			0.7267095175694291
826			0.7202996172630017
827			0.6939442652305539
828			0.6431337154883842
829			0.5733034014489852
830			0.5150015414006631
831			0.5026791333527284
832			0.5608379496865757
833			0.6501445576684205
834			0.7060518849380031
835			0.6678348417798534
836			0.5513122560571082
837			0.4423532705634119
838			0.4290681530915498
839			0.5454533209162276
840			0.7126544320844453
841			0.8376993581303701
842			0.8456700171917877
843			0.7548270923765676
844			0.6134044109793052
845			0.46895257608291424
846			0.35889089633013294
847			0.31299270946324165
848			0.3603955758252208
849			0.49576976922245114
850			0.6554595903752051
851			0.7701719251747039
852			0.7884182041513953
853			0.731071283420514
854			0.6373847603751601
855			0.5448518452053746
856			0.4721244781003859
857			0.4264278167647097
858			0.4146487461942451
859			0.4361336248658717
860			0.4800595293518731
861			0.534884708731798
862			0.5885295399938802
863			0.6272335329806374
864			0.6369087579679984
865			0.6057384656538074
866			0.5397610389265958
867			0.4534562023274467
868			0.36143761933514584
869			0.2804395666476726
870			0.22943068313488335
871			0.22743617892223092
872			0.2796239643778693
873			0.3584622901951449
874			0.431704851645649
875			0.4722069661911073
876			0.4820472243808269
877			0.4736914596275734
878			0.4591047079697114
879			0.4420461112238132
880			0.4196777155408306
881			0.38905179553499714
882			0.35386314943735236
883			0.3294759961023742
884			0.33243806148519395
885			0.37223437376865076
886			0.429338622657002
887			0.47677643552719895
888			0.4893813540705148
889			0.4608746250366219
890			0.39622273923962903
891			0.30081695096617744
892			0.1905572704257546
893			0.09488188890844974
894			0.04410962315119839
895			0.055652693132897425
896			0.1097669606081678
897			0.18006240030575674
898			0.24232794001305108
899			0.2874792990883647
900			0.3128477747433699
901			0.3159110903578027
902			0.2966230812050548
903			0.2572300135093631
904			0.2001283378023148
905			0.1362042324985356
906			0.09326417021698885
907			0.10112033402149868
908			0.17757794095899843
909			0.28510107326859474
910			0.3702201045017839
911			0.38344678921944925
912			0.3216729060932178
913			0.2117506320501094
914			0.08100784207553112
915			-0.04433484676840266
916			-0.13957006627867832
917			-0.18010776247705254
918			-0.15347954933435806
919			-0.08360784284427256
920			-0.0012157212711945815
921			0.06605769359597682
922			0.11240890833098204
923			0.14145899534013365
924			0.15662681384374924
925			0.15656172500825236
926			0.13552055712532923
927			0.08772109745186102
928			0.02235191070040289
929			-0.02239529205843155
930			-0.00500659584480582
931			0.09917806301892504
932			0.241380259015271
933			0.3528240338115826
934			0.3711113236653643
935			0.3012564576027985
936			0.18876722742145247
937			0.07910188539165805
938			-0.0035574301570705236
939			-0.06150291676459536
940			-0.09867857859513544
941			-0.11633261388785737
942			-0.10859541845371955
943			-0.068436274486667
944			0.00777680467161302
945			0.10328809116797995
946			0.19377439297108467
947			0.2549000235695321
948			0.26232929645192726
949			0.19172652510687488
950			nan
