Nom de l'instrument : SAM_80E0
Fichier_calib_utilise: /Users/mdlemineahmedou/Documents/Stage/pipeline_LOG/data/calibration/ALL_2023/Cal_SAM_80E0.dat
Date : 2017-07-03
Heure : 21:40:08
InclX : 
InclY : 
Pressure : 
Comment : J3-4
Mission : VITEL

l_onde		data
310			nan
311			nan
312			nan
313			nan
314			nan
315			nan
316			nan
317			42.896256467338205
318			42.47437172802482
319			42.48963667506892
320			42.85884341515709
321			43.49878405497591
322			44.32625070121194
323			45.2580354605518
324			46.21298435056302
325			47.16147417594982
326			48.127915439063536
327			49.13915904026373
328			50.1764213554866
329			51.10580408949003
330			51.77553902775297
331			52.07245850524204
332			52.14211982633523
333			52.236408061614156
334			52.59874224977658
335			53.27421622285505
336			54.11174338575999
337			54.95204779086396
338			55.68643630913747
339			56.32664925875851
340			56.90196523011437
341			57.446079922105525
342			58.02064364332775
343			58.69821032789796
344			59.548377774000066
345			60.578362138778836
346			61.73624976091856
347			62.96774231149671
348			64.20556980944245
349			65.35280963819402
350			66.30841440179536
351			66.99021492769435
352			67.43095513466697
353			67.70661733904623
354			67.89188009710067
355			68.03384577563529
356			68.1541951262472
357			68.27386088172405
358			68.45654969533925
359			68.86135375524167
360			69.66026398854707
361			70.98352408184323
362			72.71272656248883
363			74.63778126769482
364			76.55037423868627
365			78.27963694098325
366			79.6887493299959
367			80.64257386986024
368			81.09560980991743
369			81.20027728150208
370			81.13545841086324
371			81.07250783403722
372			81.13819916501754
373			81.44295508631511
374			82.08813363196816
375			82.99899138811776
376			83.9407310226889
377			84.67316558245341
378			85.04501058558
379			85.10208376033192
380			84.91667925317522
381			84.5815324759896
382			84.31158846309923
383			84.36701218097778
384			84.99726603147738
385			86.23758463804667
386			87.92613473018639
387			89.89375621030405
388			91.97336639667998
389			94.00256844905212
390			95.81960750900308
391			97.32752364839781
392			98.82601687532069
393			100.76482831597107
394			103.58359524256545
395			107.50693470879945
396			112.55690880923136
397			118.74710907443338
398			125.94190545027502
399			133.65895284931847
400			141.36678028889082
401			148.5658553537075
402			154.95956076265554
403			160.33070788241866
404			164.47683090181167
405			167.51524084023305
406			169.87511951646385
407			171.9981773783235
408			174.19032311313333
409			176.42860128640552
410			178.64125161383978
411			180.75808009387933
412			182.71935276514515
413			184.46962030536787
414			185.95349924738508
415			187.11686796811455
416			187.9068918980639
417			188.2709189554284
418			188.20950153515074
419			187.85897522023248
420			187.37702411610354
421			186.88905950845995
422			186.29116715855872
423			185.38013781514013
424			183.95996171960127
425			182.03503627172262
426			179.8255507099614
427			177.56237333590957
428			175.47578162462514
429			173.79444722781054
430			172.746771566608
431			172.5302518356834
432			173.10597233819468
433			174.32583830059076
434			176.04000994880226
435			178.06413340652617
436			180.17428163764257
437			182.14442336389826
438			183.82937706149994
439			185.32030701740356
440			186.75133544429448
441			188.24699148625942
442			189.8518962089995
443			191.5709990520031
444			193.40802479824896
445			195.33429501581276
446			197.28125363151156
447			199.17789510720817
448			200.96369082503864
449			202.61135878541214
450			204.10019653533578
451			205.41025142866232
452			206.52844827760558
453			207.44540772164726
454			208.15277264042382
455			208.6826987828919
456			209.12124971654745
457			209.55822143731558
458			210.06097497549217
459			210.61892905265006
460			211.2045872188118
461			211.78855568974157
462			212.3220616554299
463			212.74499381654073
464			212.9980454425446
465			213.06958654630537
466			213.0170446206878
467			212.90325566898449
468			212.78830411593597
469			212.72172959467062
470			212.75054612203004
471			212.918970264791
472			213.23903709037742
473			213.7021791868275
474			214.29937276021596
475			215.0139137163117
476			215.81691300087155
477			216.6783999080298
478			217.5596526267551
479			218.38472339034388
480			219.06776776025734
481			219.52705527941689
482			219.7347932237677
483			219.70112810785474
484			219.43775977102214
485			219.02126286695443
486			218.64159412261563
487			218.50013377164703
488			218.77742235418796
489			219.5550735351957
490			220.88537668252928
491			222.808133644782
492			225.17429517889184
493			227.68836830714304
494			230.05167024332044
495			232.04190653622146
496			233.5846221823017
497			234.6222759074788
498			235.11762499444674
499			235.1414919198264
500			234.80051879836233
501			234.20225850054442
502			233.46996483608447
503			232.74035083402205
504			232.15033954622922
505			231.79591585267528
506			231.68490954029653
507			231.81370069929682
508			232.16138703366764
509			232.60339133771092
510			232.9766530883703
511			233.12060211964916
512			232.92828820737483
513			232.3436820022894
514			231.31298739916753
515			229.84974609365185
516			228.12951711009475
517			226.35173127363774
518			224.7061004720791
519			223.31634069633478
520			222.2787260680646
521			221.6843443746684
522			221.49522573412472
523			221.53740351501196
524			221.63048744502953
525			221.6320081540078
526			221.50180595059686
527			221.21680277116857
528			220.7632086945554
529			220.1989446506211
530			219.61531265441354
531			219.10139859395827
532			218.67157178074746
533			218.2527396855785
534			217.76685049249295
535			217.1547951422349
536			216.4149318141397
537			215.556475548107
538			214.5946668939399
539			213.59787155270365
540			212.6621003566465
541			211.88264834638838
542			211.31762313210984
543			210.97674595428313
544			210.8664957351336
545			210.988088275505
546			211.32475456556912
547			211.85588730371907
548			212.55998824465294
549			213.40655045905186
550			214.3598371848402
551			215.38393059853308
552			216.4370620662292
553			217.46900008949137
554			218.428851665427
555			219.2667949992663
556			219.93713267869873
557			220.39515976565386
558			220.60143138399593
559			220.57775267777276
560			220.38549332552742
561			220.0866046169988
562			219.73773532032098
563			219.3870115960183
564			219.08178979551562
565			218.8390545428606
566			218.5442205354562
567			218.04708347948159
568			217.20867371755193
569			216.04127724651116
570			214.66555609320054
571			213.20449408400458
572			211.77766116807803
573			210.49853642533336
574			209.4799689643244
575			208.80633333817013
576			208.42355011101748
577			208.2355188129866
578			208.15129909936374
579			208.16070441411918
580			208.31749901518367
581			208.67661018133734
582			209.21694106110598
583			209.76708779009468
584			210.1380005217291
585			210.15299828885531
586			209.7027173309951
587			208.70058440075584
588			207.0671783629702
589			204.85277409712305
590			202.22070384795728
591			199.33835235259733
592			196.4245130418748
593			193.8103296821284
594			191.8417902257083
595			190.82011090478196
596			190.77467162894973
597			191.6328098584849
598			193.3179053346827
599			195.67326925588196
600			198.46573677806236
601			201.45918802988714
602			204.44882889914774
603			207.30528287929863
604			209.91029322388277
605			212.15298431045565
606			213.9722777000826
607			215.32768084644195
608			216.18078199469278
609			216.5430728866794
610			216.4780020611945
611			216.05144885004702
612			215.33161003191665
613			214.39280162909927
614			213.31033796049226
615			212.15527572986116
616			210.96690765292016
617			209.77017245986272
618			208.58941164846175
619			207.43374322667268
620			206.29510771420712
621			205.16450817401895
622			204.0149365867077
623			202.7675116610536
624			201.33406981310202
625			199.63920009159023
626			197.71208914315002
627			195.63318377428735
628			193.48392941879246
629			191.36750295904542
630			189.41348446392422
631			187.75303687667466
632			186.49704518411724
633			185.69312041034757
634			185.37656666241992
635			185.57326762249144
636			186.22475569864775
637			187.2281108580767
638			188.4802148185836
639			189.88574864664707
640			191.35952344516969
641			192.81702523395728
642			194.16255322207815
643			195.26288765933896
644			195.97695199840598
645			196.17791006195054
646			195.87696099122843
647			195.16282806928973
648			194.12550936626064
649			192.87344218958634
650			191.54046145866457
651			190.2622519330604
652			189.15329696081207
653			188.25234978560243
654			187.58126181387865
655			187.16342493674588
656			187.0382361438098
657			187.25458106790495
658			187.8613487244381
659			188.90134367739873
660			190.40856183220956
661			192.41630945798772
662			194.9277154346493
663			197.83228932975334
664			200.9928054825507
665			204.27023494841714
666			207.5056984142492
667			210.52801921386757
668			213.16757394284485
669			215.3514164074987
670			217.15228272371
671			218.65496609307505
672			219.93743903032336
673			221.05091317531728
674			222.0400379312077
675			222.94830769997893
676			223.80592374250267
677			224.6345741838147
678			225.45550914781865
679			226.27198649662722
680			227.05934333097724
681			227.79051113321907
682			228.40670891512795
683			228.72109822921837
684			228.51452150055587
685			227.57765307929256
686			225.8177250200776
687			223.21825589333642
688			219.76578678608806
689			215.55435512223733
690			210.84781064839288
691			205.92499029223137
692			201.07318634887514
693			196.61436536905504
694			192.8793810120448
695			190.17322989298447
696			188.49031813823444
697			187.61981685811392
698			187.3476672285166
699			187.4864558142473
700			187.89108752238866
701			188.4202291830607
702			188.959577695809
703			189.5058049251204
704			190.08405889090045
705			190.72310855426738
706			191.4950154248437
707			192.50035192399184
708			193.83870291797857
709			195.51619259074113
710			197.3916786109126
711			199.31106554627488
712			201.09904330805412
713			202.4944147994442
714			203.21425096816543
715			202.9757747176204
716			201.49798369784006
717			198.50102448424045
718			193.71042270463184
719			187.16857507999782
720			179.40633783810648
721			170.99627231060293
722			162.489869534483
723			154.3558464189172
724			147.04259639082056
725			140.96620810627255
726			136.1813154140172
727			132.5158753633442
728			129.794908744403
729			127.87346515572229
730			126.65121624767549
731			126.03145642839948
732			125.97337883609951
733			126.64568372015913
734			128.26614543238094
735			131.02518869625064
736			134.8258069901391
737			139.3990826669587
738			144.47427561186103
739			149.80383091335142
740			155.1728975779005
741			160.36909449013996
742			165.22588976526816
743			169.7378231208081
744			173.93478588164527
745			177.84374744817492
746			181.46339680995962
747			184.7765588064226
748			187.7654841475701
749			190.3964159085988
750			192.61450414105815
751			194.36346693594413
752			195.61469427963794
753			196.42905276713566
754			196.88546073656798
755			197.0446279452131
756			196.8080857874652
757			195.9951096585369
758			194.42063092059558
759			191.77766449078987
760			187.61162975937495
761			181.45929914145444
762			173.0887917418202
763			162.94418291841882
764			151.59234565621517
765			139.65083877792034
766			128.12986670343292
767			118.22293673475295
768			111.10386811912652
769			107.38382606477781
770			107.05890329413813
771			110.09340192501975
772			116.18866148917303
773			124.36435136167097
774			133.5311290259563
775			142.66882045956106
776			151.22322184224538
777			158.83250658983445
778			165.1475681344813
779			170.0828928409553
780			173.80846510780515
781			176.50473574075562
782			178.34572947424843
783			179.49095587883775
784			180.09793268163008
785			180.3064922894975
786			180.15479673439685
787			179.6447470094652
788			178.7779986009365
789			177.55274918096026
790			175.96428168731606
791			174.00826107173532
792			171.73671441537567
793			169.31065547491292
794			166.90355356988397
795			164.6678663333711
796			162.65497414165668
797			160.88590146006817
798			159.3791003738421
799			158.11838486982433
800			157.06270748410583
801			156.17039612392333
802			155.39421648503634
803			154.67788731597165
804			153.96429718655227
805			153.22270487841277
806			152.52626760286066
807			151.97372749126987
808			151.65056785051246
809			151.50328611245803
810			151.3954166526173
811			151.18883058863054
812			150.72218460524883
813			149.8029420897399
814			148.23638600810835
815			145.85755595180242
816			142.5953653501258
817			138.39719348932502
818			133.24900431888196
819			127.44799612396525
820			121.44176026177834
821			115.6751598343023
822			110.49320776802848
823			106.13219045081536
824			102.82263970162295
825			100.69754437259294
826			99.64805118234749
827			99.52846963670197
828			100.18307746833509
829			101.394592072906
830			102.92239289323707
831			104.533854828684
832			106.14026886518988
833			107.77718844875317
834			109.48418900438355
835			111.29383359821732
836			113.22523359877101
837			115.29597796233486
838			117.53492370814229
839			120.02271203203927
840			122.85485074569314
841			126.1161829113455
842			129.76172090874175
843			133.65985723785778
844			137.67794084310668
845			141.71080926858372
846			145.69347430039588
847			149.56413483907045
848			153.26579236668485
849			156.7576109036868
850			160.00215086764925
851			162.96063530586724
852			165.58307245097913
853			167.81387152972778
854			169.59938638840575
855			170.9399399355103
856			171.89487800467683
857			172.52663971634027
858			172.92737833423922
859			173.26114132208616
860			173.70263517513993
861			174.40657932205045
862			175.4120180211099
863			176.71647810501167
864			178.3145431850745
865			180.15500803772784
866			182.15006551997345
867			184.21060863357087
868			186.2251411346736
869			188.04364969048223
870			189.51231800685412
871			190.5363336895232
872			191.25373646407803
873			191.85999878827835
874			192.53711069009003
875			193.3352126927233
876			194.22987667990967
877			195.19581228319433
878			196.20719827741317
879			197.23757247734565
880			198.26041096736523
881			199.23691412238938
882			200.09592288934707
883			200.7610086945151
884			201.17125002165156
885			201.36181349524807
886			201.4046222793162
887			201.36818828241573
888			201.2625171523419
889			201.04908746298358
890			200.68820273383417
891			200.16505775158973
892			199.50837004072312
893			198.75124471793822
894			197.8734604729231
895			196.645701746312
896			194.78741157523376
897			192.03060521813975
898			188.2259504800665
899			183.28935385932252
900			177.1422235952412
901			169.85070689634082
902			161.64736513007864
903			152.77421712874673
904			143.56251609380558
905			134.56121680825888
906			126.35184854094031
907			119.43851400049199
908			113.89535450400938
909			109.64811992641843
910			106.61286770912426
911			104.57123284264159
912			103.20555784526049
913			102.19615193510703
914			101.23979320232107
915			100.05825438868736
916			98.37542993830833
917			96.04119876068918
918			93.31669692881452
919			90.54684053489754
920			88.05492131014101
921			86.00243933472471
922			84.47759944893161
923			83.56630751261574
924			83.31486570028764
925			83.732531491503
926			84.82618788213973
927			86.49457738182616
928			88.43003286650418
929			90.30166894929752
930			91.78583080006266
931			92.58881190693823
932			92.42465839614538
933			91.03061854947804
934			88.36609896643438
935			84.51406773508181
936			79.5619499314112
937			73.68625354364472
938			67.16328354083397
939			60.274747232379845
940			53.33109213220379
941			46.708240877784974
942			40.79118870432141
943			35.9014318458789
944			32.046945684353794
945			29.139113285712998
946			27.089290657463497
947			25.808833807112276
948			25.20909874216631
949			nan
950			nan
