Nom de l'instrument : SAM_80E0
Fichier_calib_utilise: /Users/mdlemineahmedou/Documents/Stage/pipeline_LOG/data/calibration/ALL_2023/Cal_SAM_80E0.dat
Date : 2017-07-05
Heure : 13:58:38
InclX : 
InclY : 
Pressure : 
Comment : J4-2
Mission : VITEL

l_onde		data
310			nan
311			nan
312			nan
313			nan
314			nan
315			nan
316			nan
317			266.8148942893175
318			261.31342062346124
319			258.07904873810503
320			256.76769740620017
321			257.0352854006975
322			258.53773149454827
323			260.9309544607036
324			263.8760079743484
325			267.1627758154375
326			270.7162292973359
327			274.46736677547574
328			278.20355058250317
329			281.34981620003754
330			283.2749530073196
331			283.52007735773145
332			282.78134851739424
333			282.22961179862034
334			282.99755474411404
335			285.3242964349478
336			288.5650509488238
337			292.0380071677236
338			295.2522497321808
339			298.1713700677781
340			300.82514772226864
341			303.2855618040883
342			305.8916603072734
343			309.0866607760241
344			313.2942322521339
345			318.5239953595825
346			324.3931057699787
347			330.50334332739305
348			336.47766756986454
349			341.9874538993373
350			346.7108125241058
351			350.37239158058236
352			352.9801188904337
353			354.6485120425095
354			355.4991699047503
355			355.79113244198163
356			355.9101422108922
357			356.2469623115123
358			357.25251842204034
359			359.51189833705087
360			363.62833224682504
361			370.0491202982978
362			378.2928261387869
363			387.53556956380083
364			396.9511628634196
365			405.6789568575233
366			412.82696713500496
367			417.50479615965486
368			419.3738247165708
369			419.31377773124115
370			418.3672725744702
371			417.51899212392306
372			417.41050636801333
373			418.5575421653688
374			421.43224314466414
375			425.66144623182544
376			430.10371159250934
377			433.59155079640414
378			435.34758352894045
379			435.45932299966006
380			434.13046215365586
381			431.7054773754225
382			429.3705292909914
383			428.6232180311754
384			430.89997041018506
385			436.4110366042738
386			444.23870827072415
387			453.4235801602802
388			463.071561671438
389			472.43588662061
390			480.789972947475
391			487.7136403255612
392			494.6624306751322
393			503.8013991227907
394			517.2479341451494
395			536.1049649718609
396			560.5197723232046
397			590.5994118480157
398			625.6798545497852
399			663.3054630730247
400			700.7667478894518
401			735.527849984032
402			766.1560361790191
403			791.6503784154085
404			811.0801865720726
405			825.0376194858242
406			835.6000346583844
407			844.9044454719713
408			854.4385255976721
409			864.1174762064111
410			873.6231367883598
411			882.6449197294941
412			890.9228111673692
413			898.2175132473435
414			904.288104421816
415			908.8534642378381
416			911.5914702310117
417			912.178839194928
418			910.5854467918554
419			907.5293396694838
420			903.8461957175637
421			900.2063860795158
422			896.1056384493177
423			890.5310749642802
424			882.5049655396053
425			872.0304870295508
426			860.1670246277214
427			848.0262401807133
428			836.721558265672
429			827.371194432605
430			821.0941704642056
431			818.8569715620673
432			820.4592000023566
433			825.1615737406216
434			832.2175119755664
435			840.7492776407355
436			849.7287525933538
437			858.1198712233964
438			865.249656861394
439			871.5065405144085
440			877.4718733516687
441			883.6860887013983
442			890.3487835876904
443			897.490341474128
444			905.1348330207636
445			913.1305023718138
446			921.1092093792788
447			928.6895303185308
448			935.5675251999054
449			941.6851347020616
450			947.0329595899715
451			951.5979779776839
452			955.3339399138738
453			958.1767392591285
454			960.067564899842
455			961.172036158214
456			961.9544072201575
457			962.8996071684246
458			964.3489860872318
459			966.1450798965544
460			968.0221710235215
461			969.7215688778788
462			971.056355187133
463			971.8816050002486
464			972.055687876981
465			971.5761076595057
466			970.6418975362126
467			969.4678743352636
468			968.2858092468249
469			967.3924471519294
470			967.1000949851707
471			967.6995757434562
472			969.2345640168717
473			971.5905108801536
474			974.6494547037863
475			978.2403478413039
476			982.1079205497099
477			985.9894267408016
478			989.6032506211687
479			992.5875073575096
480			994.5589722655512
481			995.1571102309052
482			994.3188618152435
483			992.1904088667907
484			988.9256261084327
485			984.9619367794437
486			981.2323234357657
487			978.7196973830904
488			978.2965783576303
489			980.3114528119983
490			984.9574711723791
491			992.3719142064202
492			1001.8471925900946
493			1012.0205662642776
494			1021.5156512317751
495			1029.3726533796882
496			1035.4380328273135
497			1039.6504900680611
498			1042.0040367421884
499			1042.7871492578736
500			1042.385908266102
501			1041.188865338881
502			1039.6271645141112
503			1038.1684611066348
504			1037.2804515484288
505			1037.2239080892011
506			1037.8140183399032
507			1038.808096806179
508			1039.9275052422975
509			1040.6779292681001
510			1040.4849972055467
511			1038.787047663789
512			1035.292050303114
513			1029.9640334172368
514			1022.7779959240918
515			1013.9680127516011
516			1004.3915056333448
517			994.9977408659869
518			986.6721368389784
519			979.8665563222879
520			974.852584565808
521			971.8834547588183
522			970.7626090699156
523			970.8195146068074
524			971.3612305562064
525			971.8145693402581
526			971.9294347203502
527			971.5096737996996
528			970.40105632278
529			968.7730236718198
530			966.9456849502686
531			965.2309782829127
532			963.6605776008317
533			961.9380847606081
534			959.7485180905973
535			956.8786525349327
536			953.423965293127
537			949.5382543997403
538			945.3896571729014
539			941.2727361828404
540			937.5478428511335
541			934.5719410915503
542			932.5477888541977
543			931.4774992293235
544			931.3497398609879
545			932.1277483485329
546			933.687864325916
547			935.8878817914351
548			938.5891117059591
549			941.6884264296864
550			945.1033428665351
551			948.7507171911951
552			952.5015310155313
553			956.1604110051345
554			959.5267971732187
555			962.4178305453435
556			964.718804864822
557			966.331413861488
558			967.1727343073221
559			967.3389685537438
560			967.0420253657452
561			966.4960200226676
562			965.933082446323
563			965.6142970334824
564			965.8033635093827
565			966.6234782545719
566			967.5891789939855
567			968.0502256202286
568			967.399108518753
569			965.6036197775072
570			963.0437603032464
571			960.108624683483
572			957.1981446192751
573			954.7315868483969
574			953.1302179084634
575			952.6732004845588
576			952.9487349295831
577			953.3353132890957
578			953.2455661318651
579			952.6261356407792
580			951.8465602856215
581			951.2859695801861
582			951.0661867809616
583			950.8003159415767
584			950.0417376881658
585			948.3836535648616
586			945.6359891112234
587			941.6820426536143
588			936.4201010739014
589			930.0198821801905
590			922.8877129428088
591			915.4385254169216
592			908.2187987934734
593			902.0624999191718
594			897.8415796860675
595			896.3020673459872
596			897.4254453459836
597			900.9061990613131
598			906.426704145559
599			913.4233910195813
600			921.0977798967941
601			928.642553294353
602			935.4202095901816
603			941.2020834036591
604			945.8197891904246
605			949.1176991268059
606			951.0262560956012
607			951.5114841550013
608			950.5425585920009
609			948.1638847290836
610			944.4981932955255
611			939.6719614968803
612			933.8585628801814
613			927.3552012911553
614			920.4792823151746
615			913.5295728683732
616			906.6657858545661
617			899.984796372814
618			893.5805016214216
619			887.4696569900291
620			881.5819745866526
621			875.842489524687
622			870.1588092744918
623			864.388348383727
624			858.379539791888
625			852.0024584825328
626			845.3046883408877
627			838.4208050652005
628			831.4885858823437
629			824.7333248876186
630			818.4866470630747
631			813.0865586505878
632			808.8041142528588
633			805.7014571092967
634			803.8000967656667
635			803.1059833435378
636			803.4857465761604
637			804.7325954761646
638			806.6394036106394
639			809.0116154759256
640			811.6710030819235
641			814.4404246198613
642			817.1151768287074
643			819.3981192882767
644			820.9727544314378
645			821.5506672262217
646			821.1156533828129
647			819.8043890798818
648			817.7565631547784
649			815.1704236231876
650			812.3248760281033
651			809.5047002746794
652			806.9201994387461
653			804.5156500606074
654			802.1759554994248
655			799.8178492203762
656			797.6887683924851
657			796.2322083008876
658			795.8913962384199
659			796.9668596584952
660			799.5525348074032
661			803.7261886905085
662			809.4947716135468
663			816.5986056242
664			824.7152737233749
665			833.503807746162
666			842.4190301503761
667			850.7892551722667
668			857.9476504963324
669			863.6025415251396
670			868.027576578596
671			871.54319172214
672			874.442226148617
673			876.9092430856224
674			879.1022545916413
675			881.1742441706606
676			883.2203206798954
677			885.2985291460293
678			887.4653550833597
679			889.7198621799726
680			891.9720057546975
681			894.1240636590998
682			896.0071067696881
683			897.1646665773011
684			897.0677054143239
685			895.211374344922
686			891.3775824181789
687			885.5359205497244
688			877.663783293293
689			868.0262553536159
690			857.342886528609
691			846.3733364888541
692			835.8547736748377
693			826.432133201141
694			818.7267105233466
695			813.3082673297149
696			810.127550593067
697			808.7262686979774
698			808.6394304262585
699			809.4383308039032
700			810.7518948545883
701			812.214170666937
702			813.5329871064074
703			814.719088247209
704			815.8609461499269
705			817.0561900041099
706			818.5119330446217
707			820.5073907516497
708			823.3190354588637
709			826.9715677307042
710			831.0929699589813
711			835.2763304491687
712			839.0665337113743
713			841.8133123922372
714			842.8170199400206
715			841.3726486509795
716			836.712576553385
717			828.0286468065786
718			814.5268932324765
719			796.2926229382414
720			774.7665503385924
721			751.5051157199597
722			728.0030411251834
723			705.5125900141012
724			685.2264951352196
725			668.2532077494249
726			654.7581620931296
727			644.3154042773143
728			636.4902292706163
729			630.867719534836
730			627.0623612475233
731			624.691029273642
732			623.5607585838725
733			624.1912997036336
734			627.2693467810801
735			633.3909037969444
736			642.1988653353835
737			652.76607623184
738			664.161880422294
739			675.6523207088782
740			686.7808937285863
741			697.1120289740853
742			706.3048600931891
743			714.3512231548399
744			721.3159749541086
745			727.2676362312005
746			732.3101899273717
747			736.5675118236608
748			740.1609855999069
749			743.1031104638687
750			745.2629101647657
751			746.4996340959732
752			746.7450526522613
753			746.1654316674659
754			744.9743460039815
755			743.3291528792223
756			740.8957581028532
757			737.0861081783793
758			731.2997810579578
759			722.5947447616436
760			709.6154045787803
761			690.9820022478596
762			666.0373770846636
763			636.2356774171867
764			603.4146026322262
765			569.532442713302
766			537.4816611521718
767			510.5908315044
768			492.1255554780218
769			483.57479041036356
770			484.485332037351
771			494.304067533473
772			511.8703969961342
773			534.4489496885411
774			559.0525193698245
775			582.9044868111157
776			604.6469028566822
777			623.5075206687784
778			638.745099882102
779			650.2529414430636
780			658.5394009426934
781			664.1380217887667
782			667.565144091446
783			669.2982492751986
784			669.8094863811245
785			669.5209402149105
786			668.5668834580166
787			666.9789397496613
788			664.7866913461775
789			661.9867443792898
790			658.5479080427087
791			654.4389010194965
792			649.7212225160405
793			644.6357801623103
794			639.4439853139561
795			634.3894133744086
796			629.6298394413163
797			625.2972707341258
798			621.5179700352494
799			618.3407393281224
800			615.7587832069277
801			613.7631639930659
802			612.2813902152806
803			611.1376000412708
804			610.146445991106
805			609.1771925500058
806			608.3142749216139
807			607.695113957662
808			607.4360796942715
809			607.4328766005178
810			607.4494900778027
811			607.2452201383094
812			606.4566478796252
813			604.5554566554133
814			601.0017759898851
815			595.3447728601961
816			587.4145025262325
817			577.0962735853844
818			564.3603249882555
819			549.8619668988683
820			534.587546107142
821			519.5214609592899
822			505.5376536323785
823			493.3897909320667
824			483.8247832047934
825			477.34057525924317
826			473.81784180470476
827			473.04323543083075
828			474.742078932429
829			478.2633426102349
830			482.8133189113211
831			487.6246840776011
832			492.40725229717447
833			497.28281626856875
834			502.3860344093893
835			507.77405679035286
836			513.3553504406796
837			519.02155500567
838			524.7381919767238
839			530.8103186275756
840			537.6404688814666
841			545.5965933619385
842			554.6255803016945
843			564.3933953274056
844			574.5605816972334
845			584.7719506313468
846			594.649321174653
847			603.8127073708858
848			611.9959776974144
849			619.3161646930519
850			625.970819023598
851			632.122772978645
852			637.6437202149797
853			642.2600031757091
854			645.7048064211973
855			647.9263829230858
856			649.1081938671261
857			649.4459555804067
858			649.2311467933406
859			648.9869460469106
860			649.2708836878226
861			650.5702033696481
862			652.9653644308199
863			656.3908256680267
864			660.7737443590026
865			665.9285675416714
866			671.5796458117501
867			677.4479957574703
868			683.1886486694627
869			688.3431187676199
870			692.4417122325401
871			695.1843912217391
872			696.9406457367245
873			698.2451041224673
874			699.6095956358664
875			701.3229890943992
876			703.5480560908621
877			706.4397396472393
878			709.940797924977
879			713.7377956198725
880			717.5021256996553
881			720.9709440999394
882			724.0547614639603
883			726.6923181123226
884			728.8326169759944
885			730.488252363617
886			731.696144155841
887			732.4969084913301
888			732.9923842943701
889			733.3351907408614
890			733.6774749518413
891			734.000565713908
892			733.9871135054509
893			733.2896585023351
894			731.593452978836
895			728.7120141621768
896			724.4902923593501
897			718.7395267862989
898			710.9528023170849
899			700.4482731216192
900			686.5616686320325
901			669.2102150995711
902			648.9797168690221
903			626.4937205559995
904			602.6505110354827
905			579.0186413104343
906			557.2669559824471
907			538.8711137009624
908			524.2339823236229
909			513.3881802487681
910			506.3121227806075
911			502.2263873336192
912			499.7917668731909
913			497.6627067448201
914			494.8766843211135
915			491.0525010676905
916			485.8576059444931
917			479.19139511131664
918			471.7104211534213
919			464.2254821878608
920			457.50071785586636
921			451.9511730053573
922			447.83374472779633
923			445.40132371048634
924			444.84086317758477
925			446.27763943638894
926			449.83133057088855
927			455.2544852977025
928			461.598906101741
929			467.8375710938479
930			472.929973920581
931			475.7797567853501
932			475.2761037833978
933			470.37418155639915
934			460.6609335547946
935			446.07468905036694
936			426.5776495997345
937			402.70426825393224
938			375.63007467439655
939			346.5647357311103
940			316.77028001876295
941			287.6280251368378
942			260.5358180335843
943			236.7442362229683
944			216.77672706396388
945			200.93271713617156
946			189.51157026412486
947			182.8126502723572
948			181.1353209854019
949			nan
950			nan
