Nom de l'instrument : SAM_839E
Fichier_calib_utilise: /Users/mdlemineahmedou/Documents/Stage/pipeline_LOG/data/calibration/ALL_2023/Cal_SAM_839e.dat
Date : 2017-07-02
Heure : 18:03:26
InclX : -12
InclY : 8.16
Pressure : +INF
Comment : 
Mission : VITEL

l_onde		data
310			nan
311			nan
312			nan
313			nan
314			nan
315			nan
316			nan
317			0.15852624204507698
318			0.013030537761852408
319			-0.054277038863141676
320			-0.06461519707206108
321			-0.03920264610706163
322			0.0007419047897009191
323			0.03399974637607078
324			0.04028186629828836
325			0.01848431560252411
326			-0.014458829487311196
327			-0.040934137444621585
328			-0.047975410201614305
329			-0.03311943289383451
330			0.004654822607540435
331			0.06379035428869514
332			0.12727535137061252
333			0.17236492502892953
334			0.1774912806773827
335			0.14416961587787752
336			0.09487777632178726
337			0.052809193185302465
338			0.03225742183204749
339			0.02802658974403084
340			0.03233978913656411
341			0.03820922979576381
342			0.043244443546427695
343			0.04671531127114815
344			0.04790628577281446
345			0.04633398959490728
346			0.0417219096813406
347			0.03380986633782667
348			0.024000433752152467
349			0.01728332166779941
350			0.019115140504052216
351			0.03329195319050592
352			0.05403788606545425
353			0.0721545374857751
354			0.07885888821496445
355			0.07322360415791858
356			0.06129196470162108
357			0.04934044782224034
358			0.042053718850290835
359			0.0406798578887965
360			0.046019262767958466
361			0.05817374489793601
362			0.07319252069139287
363			0.08566704578757356
364			0.09044557255278697
365			0.08730029148909678
366			0.0804166914577504
367			0.0741292391268576
368			0.07135444017139721
369			0.07189938375011781
370			0.07515871469806203
371			0.08044224184060478
372			0.08655642265554499
373			0.09212278589487904
374			0.09583182783743673
375			0.09774493889875276
376			0.09918140529422002
377			0.10150451606312066
378			0.1054944826281058
379			0.11061422959026825
380			0.1161458800522205
381			0.12157106774852926
382			0.12760093061366615
383			0.1354145536983254
384			0.1461022182223531
385			0.15886489541862317
386			0.17110623123501095
387			0.18016290412266084
388			0.18457377675239042
389			0.1857140410758217
390			0.18536774054407887
391			0.18537186262380675
392			0.18790733416912736
393			0.1952924800516982
394			0.2097286802445912
395			0.23072856236966202
396			0.25512113997826563
397			0.279622199935201
398			0.30209226401512634
399			0.3232493002637323
400			0.34424977109295024
401			0.36604514163569124
402			0.3881627891003643
403			0.40952574684140797
404			0.4291084680415304
405			0.44725551828709675
406			0.46576229534296243
407			0.4864919992725086
408			0.5101720356104882
409			0.5344923985266017
410			0.5566407363803271
411			0.5742170835543057
412			0.5879282448568348
413			0.5998969074189913
414			0.6122248774575392
415			0.6261929373223646
416			0.6421497780701394
417			0.6603932796759203
418			0.6807857570165946
419			0.7019264521854099
420			0.7221869606856047
421			0.740121857859227
422			0.7558016569972745
423			0.7700460725480271
424			0.7836761977753327
425			0.7973775397665664
426			0.8116689411582351
427			0.8270591157829993
428			0.8443484510014502
429			0.865265161354114
430			0.8917215386240808
431			0.9253128422107533
432			0.9647048599679472
433			1.0069797336482562
434			1.0492334142646547
435			1.089792391219833
436			1.1286362561398304
437			1.1658607777868564
438			1.2020235129020183
439			1.2393111310620444
440			1.2802693718508371
441			1.3271202598552043
442			1.3787004282838493
443			1.431829347952883
444			1.4833316522771953
445			1.5317372428412894
446			1.578102029691735
447			1.6236860752020166
448			1.6692717309523057
449			1.7137536678923995
450			1.7555603574289202
451			1.7932958914955235
452			1.8276755485451102
453			1.860810455931093
454			1.8948182892566319
455			1.930516319420103
456			1.966579580529934
457			2.0014831924861554
458			2.0339301995583075
459			2.06364112657915
460			2.090620312451988
461			2.1149357571514003
462			2.137550002243415
463			2.1600857808949407
464			2.184172542827084
465			2.2105553261303292
466			2.2383454250770374
467			2.2664776315321626
468			2.294238853881247
469			2.322706197680274
470			2.3535242846611637
471			2.3882269989163483
472			2.4264899589241002
473			2.46644980035105
474			2.506203142829422
475			2.5448651863454077
476			2.5836781327930005
477			2.62415069109849
478			2.667036435304292
479			2.7086804953757726
480			2.7438327690513344
481			2.767510072592352
482			2.7802179784099277
483			2.7875875576901246
484			2.79544297096599
485			2.8086635458829456
486			2.8298806778681196
487			2.8613986703828638
488			2.9049183863436245
489			2.958060485417916
490			3.0167555171341847
491			3.0769787321750344
492			3.1359830505658977
493			3.192372634791479
494			3.2448167949473787
495			3.292187054709873
496			3.3339072393989517
497			3.3694946043289584
498			3.398906350369687
499			3.4255771692743004
500			3.4545934292598037
501			3.4909401724443256
502			3.5359398245409746
503			3.586509662426341
504			3.639305792603611
505			3.6916301598058214
506			3.7428239365577056
507			3.7926297925523866
508			3.840707587357535
509			3.8859440919457326
510			3.926804690096683
511			3.961789094998632
512			3.9911015151841607
513			4.017286852917409
514			4.043059850399191
515			4.071236436397382
516			4.105004070980701
517			4.147635464486172
518			4.202056694736365
519			4.267327223759225
520			4.340087195988657
521			4.416958884433253
522			4.495765671792605
523			4.576221472737854
524			4.658206243050622
525			4.741378768441967
526			4.824449896755336
527			4.905876562345214
528			4.984214920470774
529			5.059361391441434
530			5.13217492683143
531			5.203526113578841
532			5.273387719047285
533			5.340106704544847
534			5.401858702093852
535			5.4573342359000065
536			5.507806042044296
537			5.5553546232197855
538			5.602046729656064
539			5.649716042856717
540			5.700004191909075
541			5.754542147962048
542			5.814170071424672
543			5.878074685072305
544			5.945235236058932
545			6.014755870170811
546			6.08647578041236
547			6.160502161526985
548			6.236859363331539
549			6.313839014608597
550			6.3880953225412105
551			6.456223021103293
552			6.516304190717558
553			6.5700233237231345
554			6.619599621765776
555			6.667110368089826
556			6.713649230089786
557			6.759893313508052
558			6.806510165511136
559			6.853952297867723
560			6.902439319108403
561			6.952178404515227
562			7.002718242914256
563			7.051754905814861
564			7.096661037886837
565			7.135235784468188
566			7.1687743823564976
567			7.200284539480297
568			7.232761358346908
569			7.268344908770255
570			7.308114610292432
571			7.3530836138790905
572			7.403442491667713
573			7.456688797840167
574			7.50976983919382
575			7.5599651800531555
576			7.607791575254656
577			7.655591235954057
578			7.705648134214251
579			7.756476321862387
580			7.801238415239185
581			7.832689749266035
582			7.844440657356721
583			7.833359059916217
584			7.7970885828765475
585			7.733814560265055
586			7.648031172562
587			7.548308286239845
588			7.443286236767818
589			7.341761663109054
590			7.252784821771998
591			7.185429168154238
592			7.146426883457534
593			7.132152807161386
594			7.1361186510316355
595			7.1519396354975395
596			7.174682485364159
597			7.200482847636482
598			7.225519681116569
599			7.247865934504251
600			7.269102323821806
601			7.291189748701633
602			7.315569403710752
603			7.34102180582201
604			7.365478281591684
605			7.386946827303309
606			7.404742837863104
607			7.419273621445324
608			7.430978073641933
609			7.4399761132252475
610			7.445714681309387
611			7.447555371824819
612			7.445431917644085
613			7.44265725267627
614			7.443780526674788
615			7.453173237689633
616			7.471489528767939
617			7.4958811355958685
618			7.523361260016669
619			7.550318789703381
620			7.571646141758426
621			7.582016165928478
622			7.577189042719628
623			7.560310080099584
624			7.53759603229459
625			7.515173252179188
626			7.496609764314821
627			7.482769448200679
628			7.474387007475235
629			7.472495184570738
630			7.478935419049316
631			7.495684996755625
632			7.524045640128564
633			7.560061199551695
634			7.597311073393944
635			7.629478648345164
636			7.653974662115519
637			7.672603710854685
638			7.6874221254459645
639			7.6990480523622065
640			7.703703363317752
641			7.6967728206254025
642			7.674121504549962
643			7.6358804910588365
644			7.5844141452078535
645			7.522147163206313
646			7.4531083326341605
647			7.383421848367453
648			7.319352893457613
649			7.265293733362731
650			7.219226884807192
651			7.177764798185218
652			7.13795300337909
653			7.10120431772777
654			7.071461615936983
655			7.052670653040992
656			7.047391563668562
657			7.056192730189972
658			7.079488211705221
659			7.116687371400984
660			7.163379990038814
661			7.2142483079947795
662			7.264209170396616
663			7.310848750108283
664			7.3534482423365635
665			7.391309033995857
666			7.423306349841521
667			7.447646516798356
668			7.462477335501336
669			7.4668959255591485
670			7.4639708698470795
671			7.457809143030716
672			7.452278833558994
673			7.448205264987398
674			7.444316696566034
675			7.439292757261008
676			7.431256978615051
677			7.4173879433721766
678			7.394772408898804
679			7.359936953008984
680			7.306856464040073
681			7.228779669797421
682			7.119658253335091
683			6.983370387002667
684			6.831143505795505
685			6.674353088318202
686			6.521958888711774
687			6.378518628406907
688			6.248122474305054
689			6.13387073307367
690			6.034009508614841
691			5.9452993067373
692			5.864544489168122
693			5.789233607136885
694			5.717393542754053
695			5.647069419376542
696			5.576747617271955
697			5.505767796434962
698			5.433567137892953
699			5.359859645848027
700			5.28580306519783
701			5.2130242830885365
702			5.142999552232292
703			5.074685300445137
704			5.004954706244787
705			4.930620148830404
706			4.848746998450016
707			4.756913840973204
708			4.6527613988067635
709			4.533562199473932
710			4.394573298383695
711			4.230365630967108
712			4.035888250216678
713			3.8128045214974584
714			3.5685410923494696
715			3.3107214451490963
716			3.048564908695207
717			2.7946446056514636
718			2.561957043929735
719			2.36143331797286
720			2.1923059170392927
721			2.049693236797577
722			1.9287003801977556
723			1.8242708703866437
724			1.7312060441679944
725			1.6443147870377475
726			1.5606310530311711
727			1.4819680877846109
728			1.4107580544152722
729			1.349060149588269
730			1.296780853613085
731			1.2530559735808462
732			1.2170485446983763
733			1.188452359089896
734			1.1674336685715097
735			1.1541687169620198
736			1.147629245519654
737			1.1441807121214322
738			1.139848166562287
739			1.13149614352272
740			1.1208471014142463
741			1.111366873399688
742			1.1063652581341932
743			1.1061863004943282
744			1.108540874953119
745			1.1110533690556863
746			1.1122413430308138
747			1.112539672229873
748			1.112631349775892
749			1.112900640083173
750			1.1120281748252399
751			1.1080915674351923
752			1.0991448879114005
753			1.0828263121890138
754			1.0564111469845279
755			1.0171803130669517
756			0.9652960700341475
757			0.9069591103058265
758			0.8491299211303073
759			0.7981795204080347
760			0.7572248941010321
761			0.7282663130323096
762			0.7132633869608583
763			0.7134912312069538
764			0.7296471699544246
765			0.7623918667701667
766			0.8098282767475866
767			0.8649128787525634
768			0.9199850783220165
769			0.9684435074369241
770			1.0092422377846018
771			1.043150417116779
772			1.0709571714579704
773			1.0937543376560332
774			1.1128769246766208
775			1.129660013330834
776			1.1446791273099608
777			1.1570673785025618
778			1.1657966373837478
779			1.1705551846299984
780			1.1745331882451302
781			1.1819891586874158
782			1.1966814255216784
783			1.2151471734068637
784			1.2284981790577612
785			1.2277938990847923
786			1.2110318560238362
787			1.188427859811152
788			1.1714407333139438
789			1.1688728745020824
790			1.1776632460447611
791			1.1914403024809828
792			1.204153003287049
793			1.213840048726345
794			1.2213614968837188
795			1.2276327829285292
796			1.2335307055106453
797			1.2398700835377015
798			1.247460151952658
799			1.2566505165143784
800			1.265953857370421
801			1.2734240207025933
802			1.2773498356127106
803			1.2786154290594898
804			1.2797167513889904
805			1.2830673638121695
806			1.2858419704946014
807			1.2776978932717387
808			1.247711857621459
809			1.1900575888807383
810			1.1167493458387052
811			1.0437025074765476
812			0.98537044514381
813			0.942488479229677
814			0.9082842747561937
815			0.8760207407090751
816			0.8430239220414468
817			0.8117387549818171
818			0.7849359867474324
819			0.7643176773010765
820			0.7483775479900678
821			0.735009749854919
822			0.722126794798143
823			0.7077849325064225
824			0.6901081224914478
825			0.6673503234636434
826			0.6412335264697646
827			0.6172421541220808
828			0.601038245219815
829			0.5938757503674167
830			0.5858776625325828
831			0.5654371117484576
832			0.5240358580870488
833			0.4729726141581112
834			0.4313733956854133
835			0.4174858828581324
836			0.431868740463985
837			0.458892265372226
838			0.48236947146178777
839			0.49236842851574386
840			0.49200170049076647
841			0.48601373565844974
842			0.4786052329552098
843			0.4711705458693975
844			0.46420130078432403
845			0.4581366150108388
846			0.4526591135837785
847			0.44688050555454223
848			0.439918261745561
849			0.4324142374409009
850			0.42758987036398777
851			0.4289159241479059
852			0.43738412432621315
853			0.44391086260081697
854			0.4368532651125736
855			0.4063679674529985
856			0.3618715716290343
857			0.3244613915573019
858			0.3150021342240239
859			0.3375709873587722
860			0.3736052056083139
861			0.4029449863471877
862			0.4115321908298995
863			0.4043765712010582
864			0.39020238015027137
865			0.3769952868335299
866			0.3669345055345732
867			0.35945414236077217
868			0.3539448550821979
869			0.3491104251195324
870			0.3429309137365036
871			0.3333615179609153
872			0.32103182460820107
873			0.31288229183416644
874			0.3167632634934173
875			0.3372407252485153
876			0.3600670986080249
877			0.3643076328596173
878			0.33074231067379567
879			0.26769347848570957
880			0.20562605533767228
881			0.1754106559490937
882			0.1888396401074965
883			0.22418916285585627
884			0.25633618166066685
885			0.2660425318680957
886			0.25824327406723613
887			0.24407944546540072
888			0.23379584889162422
889			0.22827409857226885
890			0.2228212118870785
891			0.2127535490480734
892			0.19656943491387519
893			0.17686644394924708
894			0.15651344356659266
895			0.139131458513359
896			0.13050687346152057
897			0.13681337523311451
898			0.16163072037568896
899			0.19053100691650623
900			0.20144892116522212
901			0.17360824330739857
902			0.11269721740198141
903			0.04890538578781713
904			0.013221291275669955
905			0.02007989044523564
906			0.05092432282090042
907			0.08328691932859261
908			0.09932508903214132
909			0.10251362228605604
910			0.1024649671681278
911			0.10787841005051657
912			0.11681296015738533
913			0.12045425941708518
914			0.11006577931122191
915			0.08533353582721091
916			0.057454328118723884
917			0.03845238804780848
918			0.037504153284160784
919			0.05523661804703406
920			0.09067906850097626
921			0.14049569784219318
922			0.18460490810216745
923			0.19569738115570076
924			0.14833431890774443
925			0.054905864457265814
926			-0.03735877093202879
927			-0.08016369918532898
928			-0.053171265989519205
929			0.00979221265340649
930			0.06869613684416945
931			0.09204461359414513
932			0.08553063748726102
933			0.06497385478209076
934			0.04532126459930129
935			0.03229458895407625
936			0.026074084862597338
937			0.026728709766293445
938			0.03306348938936571
939			0.04231071146020815
940			0.05160673231866701
941			0.05940946231535484
942			0.06766614323213646
943			0.07889322487258899
944			0.09449598669387595
945			0.10921421364609357
946			0.11531360802117935
947			0.10505578720552303
948			0.07070236858551429
949			0.004514969547542826
950			nan
