Nom de l'instrument : SAM_80E0
Fichier_calib_utilise: /Users/mdlemineahmedou/Documents/Stage/pipeline_LOG/data/calibration/ALL_2023/Cal_SAM_80E0.dat
Date : 2017-07-02
Heure : 15:35:59
InclX : 
InclY : 
Pressure : 
Comment : J2-2
Mission : VITEL

l_onde		data
310			nan
311			nan
312			nan
313			nan
314			nan
315			nan
316			nan
317			226.74579960448426
318			221.86997876609811
319			218.90339199145217
320			217.55294983893592
321			217.52556286693851
322			218.52814163384937
323			220.26759669805784
324			222.45595729673346
325			224.93367573987123
326			227.67586506891547
327			230.663588019095
328			233.71147635364477
329			236.21433393451105
330			237.50179229911996
331			237.08417781872822
332			235.6829463945125
333			234.51728979671762
334			234.7645907078669
335			236.6247075003655
336			239.33054563172755
337			242.0747145161156
338			244.3190050509591
339			246.1661066611476
340			247.81204042564008
341			249.46257544724344
342			251.38517326877664
343			253.87135841482453
344			257.1977273487232
345			261.3273349873334
346			265.92603895654827
347			270.6481161902425
348			275.17878093555964
349			279.27396879902886
350			282.6994529615165
351			285.2558234885383
352			286.9556033039007
353			287.8910593977852
354			288.15954635790564
355			287.957050029766
356			287.57048128991306
357			287.2905118603438
358			287.48440072678386
359			288.69019592193837
360			291.4690408392326
361			296.2384664885773
362			302.56063271788815
363			309.68230680080273
364			316.8521325063798
365			323.365029453161
366			328.5579951055918
367			331.77160039454884
368			332.7594649125971
369			332.18723287746536
370			330.8424860748127
371			329.4807484812407
372			328.66768399358364
373			328.8993217400386
374			330.63176998674567
375			333.5455130604097
376			336.6160913361027
377			338.79531752967284
378			339.42872519268496
379			338.73475102169886
380			337.049087368126
381			334.77685266442194
382			332.738234321428
383			331.9070033276496
384			333.2183941462171
385			336.8365720294325
386			342.2163965242469
387			348.78612803050527
388			355.93074680753125
389			362.9376099668689
390			369.08069979953774
391			373.8995576364634
392			378.5594173029145
393			384.84044924187634
394			394.4817228686557
395			408.3474579723124
396			426.4777419346615
397			448.87840230823286
398			475.00056744041444
399			503.0065269776137
400			530.8759555974115
401			556.7137238188578
402			579.4201082498425
403			598.2067374846108
404			612.3394593964251
405			622.2607899729654
406			629.560821856484
407			635.8757720932964
408			642.3495750404643
409			648.9340294473126
410			655.4040160127212
411			661.5374265063998
412			667.1322614057528
413			671.994758112132
414			675.930205277627
415			678.7206808710309
416			680.124588467666
417			679.8997908775442
418			678.0287292359876
419			675.0669912036441
420			671.6602774487108
421			668.328911016266
422			664.7023015012576
423			660.0241043947299
424			653.563746244607
425			645.3112321297021
426			636.0324623979687
427			626.5317564166055
428			617.625265896602
429			610.1613019949526
430			604.9935877124119
431			602.8579318583288
432			603.5881166224456
433			606.6013545528607
434			611.3101017517686
435			617.05184378788
436			623.0781065580281
437			628.6359286291059
438			633.2434416271807
439			637.2112558851136
440			640.9940216970435
441			645.0122365333938
442			649.4019126149966
443			654.157824972241
444			659.2707889889447
445			664.6300844669845
446			670.0000344863878
447			675.1372885881257
448			679.8363143579813
449			684.0115881311535
450			687.6013361217745
451			690.548082882485
452			692.8337786450702
453			694.461560319938
454			695.4377657554296
455			695.8918020041524
456			696.1168362384641
457			696.4173725885711
458			697.0150346053247
459			697.8435067444151
460			698.7739844325256
461			699.6743237735303
462			700.3782736377029
463			700.6996270673679
464			700.4550814498399
465			699.6201335587602
466			698.4002934754129
467			697.0190856913378
468			695.6929601577066
469			694.6112552777118
470			693.9568158822077
471			693.9012958277276
472			694.4876094671622
473			695.6762525892176
474			697.4253674742732
475			699.6286244813062
476			702.0774078928496
477			704.5540221175225
478			706.8386144002528
479			708.7021557186899
480			709.9131775024782
481			710.2509830470833
482			709.6361013089612
483			708.0883979009012
484			705.6328171379749
485			702.5501060462707
486			699.5680794704215
487			697.4595953739819
488			696.9012433243346
489			698.1126228850916
490			701.1778708286166
491			706.1464639172251
492			712.5438372563685
493			719.4890601917203
494			726.0924058253854
495			731.6827045789275
496			736.01177545437
497			738.879829912777
498			740.1573250898361
499			740.0886911349065
500			739.0423165000242
501			737.3862459087644
502			735.481014810391
503			733.6807215252486
504			732.3384461797529
505			731.6604067118103
506			731.5365722067503
507			731.8158369426561
508			732.3240820797591
509			732.7491359141919
510			732.7275825963518
511			731.9005922359307
512			730.0073949616445
513			726.8803448742431
514			722.3562366921557
515			716.5043208265982
516			709.953144991391
517			703.4136643434091
518			697.5518771010936
519			692.7285039233848
520			689.1773274735225
521			687.1173291965893
522			686.4031992169628
523			686.5057493845039
524			686.8776658341229
525			687.082532521533
526			686.9831330467199
527			686.4922053932327
528			685.5478738146677
529			684.2842620378542
530			682.9267306808028
531			681.6945624153351
532			680.6021767640161
533			679.4241842410775
534			677.9216068185851
535			675.9223062193674
536			673.4569180267179
537			670.5943863903956
538			667.4201186025697
539			664.1646726471839
540			661.1341396562311
541			658.6320392809962
542			656.8362606782543
543			655.7612290740342
544			655.4104157800805
545			655.7665301696996
546			656.7413352129297
547			658.2314526030177
548			660.1352959836273
549			662.369398117697
550			664.8608105035667
551			667.5363047199157
552			670.3021232765923
553			673.0348145528525
554			675.6086058630494
555			677.8980174939618
556			679.7786977394356
557			681.1265663322463
558			681.8323350994176
559			681.9589602412343
560			681.6806594469906
561			681.1735622487905
562			680.6172035169683
563			680.1965914350646
564			680.0972285665679
565			680.4009902558939
566			680.7408400867787
567			680.6282109522326
568			679.6070697715869
569			677.6594041918646
570			675.08104763178
571			672.1749379118154
572			669.2686492303529
573			666.733710780727
574			664.9461979691004
575			664.1645209155137
576			664.0749569014673
577			664.1901398656122
578			664.0479418023763
579			663.5810867378345
580			663.0349912568765
581			662.6620648313312
582			662.5117017150926
583			662.2319155624612
584			661.4235981086065
585			659.7214056812475
586			656.9437572577104
587			652.9712854049421
588			647.6985553454703
589			641.2725284233393
590			634.0601823075099
591			626.436543407243
592			618.9080671423353
593			612.2684384333576
594			607.34929213773
595			604.8678326984934
596			604.8464879696381
597			607.0468792131115
598			611.2208806350383
599			616.9235329012522
600			623.5218746282284
601			630.3757389797308
602			636.9400970697163
603			642.8989671800595
604			647.9701388789791
605			651.8982777477428
606			654.609369956667
607			656.1043586497693
608			656.3857588666722
609			655.4891224220922
610			653.4843972177811
611			650.4432460297576
612			646.4947693784126
613			641.9197327715808
614			637.023644422414
615			632.0889064539389
616			627.2255377305062
617			622.4656579938801
618			617.840232734903
619			613.3578979008483
620			609.0020938053494
621			604.7548800491065
622			600.5661934550888
623			596.2934548304027
624			591.7775300066962
625			586.8826673491327
626			581.6648996878915
627			576.2742476935616
628			570.862183092138
629			565.6072538573967
630			560.7209049518667
631			556.4165514805884
632			552.8778788807701
633			550.1958061463545
634			548.443209005582
635			547.6755729724833
636			547.7926701255499
637			548.6122128190246
638			549.9516281883917
639			551.6458791799447
640			553.5527047959877
641			555.531359559511
642			557.4046949358077
643			558.873471754082
644			559.6128840000174
645			559.3300569264723
646			558.0416332100568
647			555.9380883760527
648			553.2124451560138
649			550.0852200541382
650			546.8147986120794
651			543.6623235684278
652			540.8365743494754
653			538.3592919336363
654			536.2104730890176
655			534.3825459586526
656			532.9970963368255
657			532.2522812974621
658			532.3465641931741
659			533.4433285153881
660			535.6551714974848
661			539.0907150627844
662			543.7856610477169
663			549.5011636771131
664			555.9337746630337
665			562.7705683417873
666			569.5942930456214
667			575.9230668855216
668			581.2792222480975
669			585.4733312247878
670			588.7503125910512
671			591.3910328944249
672			593.6366363652336
673			595.5724172466726
674			597.2454526267785
675			598.7054396655701
676			600.03223045934
677			601.3249887980162
678			602.6820763100835
679			604.1345826905697
680			605.6092036665195
681			607.0236405093673
682			608.2392167131718
683			608.889597857029
684			608.5509932405572
685			606.8226918953812
686			603.577593615252
687			598.8676752597521
688			592.749937984996
689			585.4028760731782
690			577.1969069038759
691			568.5193864755234
692			559.7890437430856
693			551.553263680431
694			544.3924061583551
695			538.8441693069901
696			534.9338054413546
697			532.3479479268067
698			530.7677528422391
699			529.9088353099868
700			529.5415384805564
701			529.4410705964892
702			529.4327944991726
703			529.5479883297619
704			529.8707680571366
705			530.4877297595028
706			531.5151218417343
707			533.0887206620765
708			535.3422551659637
709			538.2594145832752
710			541.5874697322489
711			545.0528968090553
712			548.3276615233256
713			550.863045239278
714			552.0544896490057
715			551.2948106757382
716			547.9461572389874
717			541.3508252276998
718			530.8630649018708
719			516.5636211723175
720			499.65313668261706
721			481.4278719278123
722			463.1098193197375
723			445.62921095480937
724			429.84464319314617
725			416.5569796563295
726			405.9211182046927
727			397.6868563973831
728			391.5971089434681
729			387.3606489687116
730			384.6355160672322
731			383.0756330495238
732			382.49568119295
733			383.3128606863068
734			386.08550332295823
735			391.30369535625454
736			398.74029572250424
737			407.73919344824577
738			417.6405603886279
739			427.88156012426003
740			438.0361680369851
741			447.6886841589984
742			456.50787490968304
743			464.45924312381703
744			471.573418629986
745			477.88746517134757
746			483.50071837659306
747			488.5474458471968
748			493.15864324693507
749			497.31843636210135
750			500.8174227135283
751			503.43301189375137
752			505.0279061352272
753			505.7405999879855
754			505.76522860078205
755			505.2557705282082
756			504.01515769634955
757			501.66491740654385
758			497.8177068842135
759			491.8409971177718
760			482.8054296413872
761			469.76427995384483
762			452.2633138100637
763			431.2872709511491
764			408.0823024004006
765			383.98930446771874
766			361.0831323219715
767			341.78128288111645
768			328.45579568981697
769			322.19194669706104
770			322.6683697084769
771			329.49137638853944
772			341.84528743879383
773			357.8205088327461
774			375.3325089841194
775			392.43872116775873
776			408.15295910190576
777			421.8838811224356
778			433.06263449766607
779			441.5826500708507
780			447.78544560195974
781			452.03090421115786
782			454.6697933353196
783			456.0322899710536
784			456.44574559168507
785			456.19991537056177
786			455.3684187332204
787			453.9477896538232
788			451.9339506785374
789			449.3139318910167
790			446.06726755082303
791			442.17413174332427
792			437.7188369653795
793			432.98706672977204
794			428.28751827399304
795			423.8867967491156
796			419.8490222445152
797			416.17750375617993
798			412.87815387048255
799			409.99218253935754
800			407.5861343536622
801			405.72533446684287
802			404.35350959105637
803			403.21660634929134
804			402.04242232918756
805			400.6553664766747
806			399.2604957387909
807			398.15660138283727
808			397.60609364920987
809			397.49001798557964
810			397.4617766435626
811			397.1720047917417
812			396.28309030737
813			394.47321321474607
814			391.4216730625848
815			386.83165543013376
816			380.48169964807624
817			372.1651678308012
818			361.76679080812386
819			349.90830419527924
820			337.56757530980605
821			325.7143513970884
822			315.0372104727627
823			305.9185662721264
824			298.7250947712978
825			293.71728696453454
826			290.89236522306044
827			290.2074510384432
828			291.5469588744477
829			294.34913390112035
830			297.8830753994787
831			301.44473169911646
832			304.8164187972408
833			308.2004004835687
834			311.81188742406766
835			315.76766712960796
836			319.9957235222732
837			324.4026724485283
838			328.9476237645181
839			333.8309319025022
840			339.3222097181951
841			345.6666877886887
842			352.81273433211203
843			360.51065820691787
844			368.5076350270743
845			376.57524385711986
846			384.52072909705913
847			392.1541679538902
848			399.31071024721206
849			405.9098848038206
850			411.8889518619355
851			417.18886505079763
852			421.7815497480282
853			425.65439400335623
854			428.79498996910417
855			431.1933779651696
856			432.84227573450755
857			433.73495418190856
858			433.9964384005184
859			434.07053642358926
860			434.4483190318031
861			435.56014858186
862			437.48503735875454
863			440.1758932257969
864			443.58026222148777
865			447.56330988519295
866			451.9243497991582
867			456.4599327603653
868			460.8920071620477
869			464.81417998425115
870			467.807386493468
871			469.6245801147706
872			470.69756419607836
873			471.6255797097896
874			472.9615257753375
875			474.8051079516286
876			476.999724219535
877			479.38704382908
878			481.8478722741911
879			484.3102684199017
880			486.7050651492051
881			488.9382404386653
882			490.8502533995076
883			492.27089382537525
884			493.0765570682499
885			493.4324257922177
886			493.6141523006893
887			493.8816717977734
888			494.22734951582686
889			494.421619091773
890			494.22956954094263
891			493.5326210046056
892			492.4156002665422
893			490.9838398837593
894			489.25196382506306
895			486.87892542475356
896			483.43651606705254
897			478.50115656741946
898			471.6929588116157
899			462.65605733317676
900			451.0474194103805
901			436.9014382448363
902			420.6864538732512
903			402.89538059070674
904			384.224980482391
905			365.86933507121296
906			349.09693932651686
907			335.0023863879936
908			323.7145662505079
909			315.029078327058
910			308.72678686011074
911			304.38562765089534
912			301.43364140140966
913			299.2950088844997
914			297.3739371759687
915			295.0443194601038
916			291.67758627370563
917			286.91928226237513
918			281.30975597070426
919			275.5716425865846
920			270.3829272363637
921			266.08752703985334
922			262.8780188312194
923			260.94173759714744
924			260.37412158023864
925			261.18465018309115
926			263.3780050000094
927			266.78891437874927
928			270.92771393886176
929			275.268249551405
930			279.2202788537779
931			281.9281117605147
932			282.4673424704333
933			279.96347848745097
934			274.0199434560128
935			264.50597159360507
936			251.315238184596
937			234.95608852511947
938			216.62546474592253
939			197.55599064667337
940			178.80629135823898
941			161.03859315042212
942			144.86019505948758
943			130.81206591888903
944			119.10767489532701
945			109.85959212100775
946			103.18035946323403
947			99.1825187893086
948			97.9786119665342
949			nan
950			nan
