Nom de l'instrument : SAM_839E
Fichier_calib_utilise: /Users/mdlemineahmedou/Documents/Stage/pipeline_LOG/data/calibration/ALL_2023/Cal_SAM_839e.dat
Date : 2017-07-03
Heure : 16:03:17
InclX : -9
InclY : 9.52
Pressure : +INF
Comment : 
Mission : VITEL

l_onde		data
310			nan
311			nan
312			nan
313			nan
314			nan
315			nan
316			nan
317			0.06976272003945731
318			0.06038282207479267
319			0.054203818169022706
320			0.05123299257100735
321			0.05147762952960662
322			0.05494501329368046
323			0.061642428112088865
324			0.07138209944943902
325			0.07995105360132812
326			0.07935177664878804
327			0.06147166396571532
328			0.02534622242395981
329			-0.013833946753521427
330			-0.03865995232702151
331			-0.03479176666779959
332			-0.006286625797970027
333			0.03597363035010275
334			0.08117820512594656
335			0.12011671638338481
336			0.1450321865391977
337			0.14825102333647044
338			0.12806919003944348
339			0.09585510443476573
340			0.0647084032216977
341			0.045739504023591934
342			0.03846982805087466
343			0.03823536440521606
344			0.04051333852159193
345			0.04354976474323457
346			0.04805766218313846
347			0.05482717978247006
348			0.0629711049689115
349			0.06798357589821231
350			0.06488772823281541
351			0.05034859355730334
352			0.030495626337155145
353			0.014842366570474516
354			0.012501654400841477
355			0.025006377096343083
356			0.047163474950811704
357			0.07354802075325009
358			0.09901424389239283
359			0.1190190486065644
360			0.12909784929128815
361			0.1261140625135576
362			0.11463502636297612
363			0.10199926001289757
364			0.09527067248612521
365			0.09621729432814283
366			0.10186048966621203
367			0.10905923709071715
368			0.11577485165772475
369			0.12238593862341249
370			0.12959174141403954
371			0.13777697031856237
372			0.14546013895852555
373			0.1504741297885687
374			0.1507921700247198
375			0.14718658388782238
376			0.14299807215784371
377			0.14165910250305333
378			0.14584311677087478
379			0.15650876844693534
380			0.17437935126049373
381			0.19931275069045631
382			0.22583368742136298
383			0.24643708908291467
384			0.2539852276952463
385			0.24915952999603194
386			0.2400798868066894
387			0.23514970872707197
388			0.23956105415199805
389			0.2509293953415953
390			0.2657780539995529
391			0.2810671815391876
392			0.296594699446282
393			0.31329217076200555
394			0.332088911868779
395			0.35379460664019324
396			0.3790995350620701
397			0.40868646933415703
398			0.442362357003734
399			0.47774794349764577
400			0.5121284868101328
401			0.543341264614801
402			0.5730583594335409
403			0.6045792397813136
404			0.6410292417764506
405			0.6809327403927363
406			0.7179420851681797
407			0.7454815273711949
408			0.7605521786891666
409			0.7697206102424626
410			0.7811353877815822
411			0.8018709327260326
412			0.8309094430615332
413			0.8635451596536816
414			0.8951351678204797
415			0.9234223413634564
416			0.9488580900508238
417			0.9720404108060039
418			0.9936988442288728
419			1.0149443876482533
420			1.0369567892398743
421			1.060655009695146
422			1.0847974566813752
423			1.1070747574681625
424			1.1252584087248902
425			1.1401665820004923
426			1.156362464810769
427			1.1786385332951834
428			1.2098850495173912
429			1.246941243299248
430			1.2854458436001424
431			1.3216640307483178
432			1.357649578143844
433			1.398585520798354
434			1.4495790527853964
435			1.5112679808371492
436			1.5782859478069753
437			1.6448448528655062
438			1.7068259586759873
439			1.7659997706221473
440			1.82543483212391
441			1.8880128730848758
442			1.9546619392322548
443			2.0251459868845423
444			2.0991968235846548
445			2.17565946963952
446			2.2520653501678782
447			2.3258397253970093
448			2.39525319651326
449			2.4619167408820903
450			2.528266306906799
451			2.596395833124398
452			2.664287855883624
453			2.7272065841037163
454			2.780432332101347
455			2.823830486754229
456			2.86481970746264
457			2.911523527385088
458			2.9698427668234877
459			3.035755800603309
460			3.10247325570086
461			3.163537939992551
462			3.217162964527875
463			3.2650082280271344
464			3.3088196422097216
465			3.3509035832849525
466			3.394601754637823
467			3.443367711791312
468			3.499818907816882
469			3.5623219635887655
470			3.6278959299632216
471			3.69375486276406
472			3.760387501198248
473			3.830994619502546
474			3.9088360345517787
475			3.9935449315707072
476			4.077181354982257
477			4.150856457121941
478			4.2074722806938825
479			4.250386007221494
480			4.28673809733766
481			4.323433691496804
482			4.362472212341627
483			4.401272035379852
484			4.437085008964046
485			4.469757677237605
486			4.5053098456065905
487			4.550659577949991
488			4.6116302596373
489			4.686643534725356
490			4.771055082838327
491			4.860224713853429
492			4.9498679352981565
493			5.036076434789485
494			5.114962802760582
495			5.184540631602077
496			5.248015679840637
497			5.3094720377230304
498			5.372421666447532
499			5.4358542095629785
500			5.496611381012022
501			5.551690032828919
502			5.603618846892985
503			5.661579818210264
504			5.735147998034985
505			5.829396124232074
506			5.935180924888559
507			6.040560182483341
508			6.134433955337727
509			6.213565517100379
510			6.279004142086375
511			6.3318814077828005
512			6.375059062688198
513			6.413774808074759
514			6.4534387376109255
515			6.499287198381737
516			6.55591858427328
517			6.627784906669677
518			6.718909524078587
519			6.828534258615526
520			6.952909154641375
521			7.088215159853351
522			7.22917849482529
523			7.368235657421069
524			7.497622044382128
525			7.612378946026515
526			7.719573749905535
527			7.829495139407835
528			7.951639277582533
529			8.084796866542646
530			8.220070322525645
531			8.348430500414374
532			8.464344950643726
533			8.568613173813983
534			8.662701938614127
535			8.74825295282713
536			8.827785253161355
537			8.90409232205154
538			8.979946842555012
539			9.057774381154724
540			9.139714474637694
541			9.227893971832081
542			9.323772973468682
543			9.427417534470901
544			9.538718782982793
545			9.656857704412884
546			9.776835987465054
547			9.892131529232381
548			9.996539300636803
549			10.090501031814776
550			10.18073964121256
551			10.274213156080272
552			10.374387397468304
553			10.476269924911305
554			10.573612830425155
555			10.661185878336655
556			10.740812172110232
557			10.8173019067709
558			10.895383153508954
559			10.977307073139674
560			11.062642103295705
561			11.150822010748694
562			11.240807982102307
563			11.330231624293427
564			11.416492428459454
565			11.497435302414864
566			11.574556302862563
567			11.651139908558639
568			11.730397389555568
569			11.812537867476214
570			11.894046361259933
571			11.971176369560446
572			12.041953127144346
573			12.110202306379081
574			12.180934746486303
575			12.258534011607063
576			12.34127211452917
577			12.423974755567736
578			12.501432526312108
579			12.568610221805931
580			12.62071992045398
581			12.652992521754124
582			12.660892598024649
583			12.640775026709292
584			12.589206687144118
585			12.503485029361844
586			12.389415883439813
587			12.25830172382976
588			12.121523843877384
589			11.989569776913813
590			11.87147684415203
591			11.77614971308767
592			11.709210148264082
593			11.661756990007397
594			11.62087443976006
595			11.574352643037619
596			11.519873782999476
597			11.462404773610132
598			11.40706158155761
599			11.35688739101528
600			11.311086485653348
601			11.268447076205039
602			11.22811961715005
603			11.191109102944868
604			11.159012428988401
605			11.133318024819332
606			11.11366922380505
607			11.098168371770774
608			11.084872417185675
609			11.072152147444104
610			11.059040487662921
611			11.044654335419454
612			11.028657190964646
613			11.013940931758846
614			11.004578475104253
615			11.004453929657348
616			11.013504690741074
617			11.02794965011324
618			11.043863623007846
619			11.057561919645876
620			11.065936312689113
621			11.065963155369316
622			11.055232475859073
623			11.035502369516474
624			11.010264414896561
625			10.983008890769016
626			10.957048497579578
627			10.935508236038443
628			10.921502643108232
629			10.917213819686499
630			10.92229379882288
631			10.935969608581821
632			10.957323788953616
633			10.984314337360141
634			11.014372159432304
635			11.044924721394175
636			11.073386338835164
637			11.097155825175266
638			11.113631157494767
639			11.120306308299146
640			11.114968691089075
641			11.095461594447976
642			11.060003513052358
643			11.010145374968076
644			10.94918266865089
645			10.88040898814997
646			10.806441178139545
647			10.729012052867741
648			10.649794722595802
649			10.569424703390068
650			10.484986517882588
651			10.392805673532573
652			10.28989558217893
653			10.180206664343062
654			10.071708089047485
655			9.97236764994857
656			9.887658444037944
657			9.819467580617893
658			9.769404322746716
659			9.737319295357507
660			9.716377256360232
661			9.698154388354741
662			9.674766709015952
663			9.644472467702562
664			9.609430229121397
665			9.571846384102363
666			9.533031396433522
667			9.492889496050644
668			9.45120187220041
669			9.408318324278273
670			9.366967424654185
671			9.33049970746934
672			9.30197499626051
673			9.280750273120809
674			9.263630533088193
675			9.247389841129184
676			9.23032745226825
677			9.213334301427128
678			9.197553169961468
679			9.182443221627093
680			9.15979452677196
681			9.119214682915747
682			9.051077904700797
683			8.956585272177481
684			8.844953738394668
685			8.72557896351877
686			8.606895718382836
687			8.495587801662145
688			8.398153035457813
689			8.31915198353874
690			8.25364503537608
691			8.193785112107767
692			8.13195671089458
693			8.06413759663527
694			7.989132772851242
695			7.905823576112647
696			7.813089670603534
697			7.709807486534422
698			7.594853084506166
699			7.467883909084174
700			7.332632626605517
701			7.194156143079327
702			7.057212251373765
703			6.9215516734340605
704			6.782785566982935
705			6.636404543370766
706			6.478439820079033
707			6.30601928386998
708			6.116403598507777
709			5.906988775987079
710			5.6759117147092395
711			5.421561530390557
712			5.14258490183952
713			4.8421914301791595
714			4.5275073363413565
715			4.20579382260984
716			3.8855958202188585
717			3.578156115420336
718			3.2950580735424064
719			3.04583586450111
720			2.828416912913685
721			2.6366468545275925
722			2.46450554179897
723			2.3085340641503795
724			2.1675273379722357
725			2.0403548296062506
726			1.9254598817897046
727			1.820370553560675
728			1.722496374867851
729			1.6297309119148145
730			1.542761528461948
731			1.4632757687852431
732			1.3929037902426207
733			1.3321720209265515
734			1.2806243909693709
735			1.237768560714883
736			1.2027489314064213
737			1.1739238900540447
738			1.149549161923671
739			1.1281623742451836
740			1.10993246204699
741			1.0956137917032807
742			1.0858686707024492
743			1.079620380099909
744			1.074248191139009
745			1.0670880692307296
746			1.0573253326703298
747			1.0481151840955782
748			1.043126564780733
749			1.0449000886894115
750			1.0495415836646722
751			1.0508792191605014
752			1.04296233462525
753			1.0239153393732703
754			0.9954181573295058
755			0.9592718266337272
756			0.9175711616935692
757			0.8730266449666667
758			0.8284262262625861
759			0.7866719159968638
760			0.7512953703097568
761			0.7260443264760382
762			0.7145231292713494
763			0.7178577776708216
764			0.7350822649946273
765			0.7651530010540921
766			0.8053759632892298
767			0.8497362225347315
768			0.891820665935417
769			0.9263662386911045
770			0.9541417201001335
771			0.9778866133414847
772			1.0002078849566671
773			1.0215784749162922
774			1.0407570278283054
775			1.0564617358648667
776			1.0683025718311507
777			1.077583015020453
778			1.0857958550043934
779			1.0941866050177866
780			1.1027920659285004
781			1.1112802892369515
782			1.1193271465887542
783			1.1267226509441388
784			1.1333425721901302
785			1.1390705618153785
786			1.1442943738810964
787			1.1502895127490889
788			1.1584217970017154
789			1.1693090445196799
790			1.1802285466218918
791			1.1875254160414084
792			1.1880181031410886
793			1.1845627514530535
794			1.1841806811632818
795			1.1938903093095985
796			1.2150704581766978
797			1.2400530526139493
798			1.260354951873809
799			1.270263855432198
800			1.2751412316801376
801			1.2831145953176855
802			1.3012136007804578
803			1.324342449337491
804			1.3398747657792767
805			1.3352640920904382
806			1.307447307193719
807			1.2669691951162871
808			1.2254260002550632
809			1.191222963519595
810			1.1615961663067436
811			1.131339373262019
812			1.0956790806603327
813			1.0539021155271433
814			1.0075174546699583
815			0.9581037851477532
816			0.9089483979533763
817			0.8654911474790641
818			0.8333071001681981
819			0.8148931381212935
820			0.8035050322985313
821			0.7906715863708788
822			0.7693267929093098
823			0.7434051486457283
824			0.7220231017107567
825			0.7139001126029606
826			0.7163207134103078
827			0.714163803450064
828			0.6917080302705958
829			0.6419063600529362
830			0.5796154662003129
831			0.523096078845796
832			0.48789683636569753
833			0.47216533105913167
834			0.4671760872351822
835			0.4644638330690041
836			0.46102392087511745
837			0.45884907510132533
838			0.46010279318431047
839			0.4648174059802527
840			0.46858084121474886
841			0.46642502561700105
842			0.4546735571691419
843			0.43631648014857843
844			0.41648825828371094
845			0.40020706167724346
846			0.3907870099213488
847			0.39025619536919626
848			0.4005568439308147
849			0.4194558150775272
850			0.43765436100489946
851			0.4451708175828013
852			0.4352000244004995
853			0.41384680230027987
854			0.39049527492141045
855			0.3738082145715758
856			0.36472784015738036
857			0.35951403842990265
858			0.3544327947848848
859			0.34878890871395724
860			0.3459853759181007
861			0.3497136658835525
862			0.36117891861793544
863			0.37381641657071835
864			0.37954784321492013
865			0.3717012346312737
866			0.3546608210606745
867			0.3380378515801791
868			0.33108424929182795
869			0.33316853281057207
870			0.3332456738982919
871			0.3198035729906755
872			0.2894962458184951
873			0.25824763773022197
874			0.24475998449262026
875			0.26307298575629884
876			0.30051825477797334
877			0.33493417046787777
878			0.345421745805034
879			0.33145041426457317
880			0.3088647190828027
881			0.2938695285983115
882			0.2937671407527782
883			0.300220038775223
884			0.3033045233100596
885			0.2955942117262621
886			0.2799209121182632
887			0.26175001130851583
888			0.24628770303181044
889			0.23603231895767507
890			0.2318700007239445
891			0.23447580960013695
892			0.2372874202456775
893			0.2244187537570463
894			0.17938094044751837
895			0.09828100646446175
896			0.01348786995832035
897			-0.036143650549326695
898			-0.019115143047109137
899			0.045001944320468355
900			0.11497640414971615
901			0.15135894484458748
902			0.1520899941043469
903			0.14972608481138794
904			0.1779466016188714
905			0.24624530048506313
906			0.31591322007594563
907			0.342527509430275
908			0.295012854858138
909			0.20381388521348467
910			0.11708792798531034
911			0.07935209266643256
912			0.09271440032962792
913			0.1318876042988091
914			0.1712876962156809
915			0.19238156591079325
916			0.18627230758537788
917			0.14476445665921442
918			0.07010013030788913
919			-0.004143595039176609
920			-0.03853380951920233
921			-0.0016655200509202008
922			0.08102544889327325
923			0.1595699725798211
924			0.18643160976972922
925			0.1644625059777533
926			0.14292084805179697
927			0.17250173553614062
928			0.2685886911722099
929			0.378155508602235
930			0.4403398982160828
931			0.4112820547783918
932			0.3212083117445316
933			0.22051889239050512
934			0.15613583244690032
935			0.1382157035104262
936			0.1548306963683678
937			0.19354434218618022
938			0.23458102676645365
939			0.24903287614520966
940			0.20746184790955033
941			0.102312340107329
942			-0.016194505569254915
943			-0.08841253676371628
944			-0.06567713901419124
945			0.03480217154365854
946			0.1713648730821234
947			0.30231007323515596
948			0.3859368796367089
949			0.3805443999207349
950			nan
