Nom de l'instrument : SAM_80E0
Fichier_calib_utilise: /Users/mdlemineahmedou/Documents/Stage/pipeline_LOG/data/calibration/ALL_2023/Cal_SAM_80E0.dat
Date : 2017-07-02
Heure : 15:33:55
InclX : 
InclY : 
Pressure : 
Comment : J2-2
Mission : VITEL

l_onde		data
310			nan
311			nan
312			nan
313			nan
314			nan
315			nan
316			nan
317			224.30551634746405
318			219.7599420465232
319			216.96859662714158
320			215.68784536038868
321			215.674053517334
322			216.6835863690469
323			218.47280918659698
324			220.80027063863412
325			223.47929888643458
326			226.38066228783055
327			229.37759641582588
328			232.24417183357838
329			234.50431192631245
330			235.64310827934622
331			235.294468197531
332			234.08975479904967
333			233.07025394266785
334			233.24340194688102
335			234.82472926525463
336			237.24642451884174
337			239.90782202939639
338			242.36538127404685
339			244.54966354214127
340			246.44570916991117
341			248.08498752838642
342			249.79280399974306
343			252.00907396662228
344			255.1540532787625
345			259.2311284865451
346			263.8485473530072
347			268.59917913534514
348			273.1214419548136
349			277.157876664874
350			280.46550793444624
351			282.8447759262254
352			284.36039400777935
353			285.1765137374336
354			285.45886156669206
355			285.400994758518
356			285.222126919032
357			285.1428763391028
358			285.4781222644915
359			286.7529451920521
360			289.52085058969874
361			294.19632926212205
362			300.3658853800908
363			307.31072776711017
364			314.313558454477
365			320.6955726708175
366			325.8129668569155
367			329.02516081232324
368			330.0859088921104
369			329.61966873292823
370			328.3673108813603
371			327.0460251175109
372			326.2327535768428
373			326.45299992340125
374			328.1915058993076
375			331.1404667418319
376			334.2717532673799
377			336.53288966992244
378			337.2528461489774
379			336.60628200070704
380			334.8814565574249
381			332.451916338381
382			330.201103640015
383			329.2011320923871
384			330.48042012838545
385			334.19263152673375
386			339.68674423735274
387			346.2818501220917
388			353.3125422623151
389			360.1483784558876
390			366.16370682774794
391			370.9778547542717
392			375.7098572869038
393			382.0460309085282
394			391.63517616610085
395			405.32732159224526
396			423.2200305149811
397			445.3793216866456
398			471.2969673749715
399			499.1304832156308
400			526.8483346294892
401			552.5453464498858
402			575.1191421086131
403			593.7815907313021
404			607.798608994476
405			617.608856330553
406			624.794740516958
407			630.9846619217218
408			637.32338047701
409			643.7844490067085
410			650.1676081635725
411			656.2695260294397
412			661.8663512650079
413			666.7258273706849
414			670.616375072901
415			673.32316473656
416			674.6484509944719
417			674.3957359159184
418			672.5727326765372
419			669.7083217813555
420			666.4133243097779
421			663.1769520557309
422			659.6242805709772
423			655.0062254911869
424			648.5993159071633
425			640.3952757068439
426			631.1559270198189
427			621.6812269864033
428			612.7848317190561
429			605.3176301357354
430			600.1367767513278
431			597.981744937299
432			598.6917642291003
433			601.6903178371747
434			606.3958862728311
435			612.144502377559
436			618.1776661902195
437			623.7319235073984
438			628.3197863211761
439			632.2604908326225
440			636.0199024491557
441			640.0276244441932
442			644.4112047669006
443			649.1482312352338
444			654.2126331254993
445			659.4893771798371
446			664.7539466822312
447			669.7751042660968
448			674.3619116732851
449			678.451312603322
450			682.0055587522533
451			684.9864174612565
452			687.3512134200943
453			689.0548839144374
454			690.0562088306855
455			690.4726715175399
456			690.6329316138742
457			690.8802694372897
458			691.463660519443
459			692.3044519542368
460			693.2528883583685
461			694.1570456715932
462			694.8428493632667
463			695.1232648667158
464			694.8145286671978
465			693.9056907668471
466			692.6361132725333
467			691.2647624362314
468			690.0262647253297
469			689.0619699838154
470			688.4908870775051
471			688.4268331488915
472			688.9239004349604
473			689.9979455044008
474			691.6627848793494
475			693.8416957566003
476			696.3143127649608
477			698.8475194682724
478			701.2036840036999
479			703.125966526091
480			704.3524206700133
481			704.635505605315
482			703.9165459582692
483			702.269712346496
484			699.7745294954644
485			696.7304691460619
486			693.8214056594134
487			691.7699428515923
488			691.2161018554185
489			692.4078804374542
490			695.4770712416353
491			700.5161646555841
492			707.0233323653231
493			714.0358842769713
494			720.5814250396644
495			725.9677608065772
496			730.0449904197262
497			732.7252542937504
498			733.9679049819126
499			733.9836424102211
500			733.0664789164587
501			731.5123054306955
502			729.6492902017352
503			727.8332703653195
504			726.4202471355765
505			725.6335170313635
506			725.4106140615447
507			725.6519570330782
508			726.221980230996
509			726.7692512182722
510			726.8622095153597
511			726.0765929228946
512			724.1441465278671
513			720.9447697651462
514			716.3649246032768
515			710.5068959340538
516			703.9922468711427
517			697.5190515185171
518			691.7404497368457
519			687.0044579372989
520			683.5322186160956
521			681.5304167049263
522			680.8501425672473
523			680.9677726452026
524			681.3419959421356
525			681.5431525208362
526			681.442814308052
527			680.962846913566
528			680.0481353573375
529			678.8212903457006
530			677.4876531089058
531			676.2469251439439
532			675.1090492894323
533			673.861840412937
534			672.2805306045034
535			670.2085728379844
536			667.6963839345916
537			664.8334808652505
538			661.7213428792808
539			658.5669171215496
540			655.6320338523358
541			653.1765239864063
542			651.3638274207192
543			650.2319650230284
544			649.8105521496977
545			650.105033982167
546			651.0382628851053
547			652.5154643859914
548			654.4422032019896
549			656.7274737313031
550			659.2822614130241
551			662.0172106886745
552			664.8246381882702
553			667.5703504047749
554			670.1180816589774
555			672.3385777243185
556			674.1295799801561
557			675.3953259161688
558			676.0525503037421
559			676.1635106792601
560			675.8844652086301
561			675.3735107167149
562			674.8064339451364
563			674.3874541871268
564			674.3233589213778
565			674.7060931885607
566			675.130106086541
567			675.055163172102
568			673.9790334979828
569			671.9111431597735
570			669.2275251036139
571			666.3117798786624
572			663.5099875844049
573			661.1012862080302
574			659.3578899937027
575			658.4646398710415
576			658.1815348803418
577			658.1396337863627
578			657.9879659348866
579			657.6567310671793
580			657.2987943368139
581			657.0718638872293
582			656.9714419889048
583			656.6723343103193
584			655.8116968693198
585			654.056007592528
586			651.2313279004308
587			647.2177468519855
588			641.909830209658
589			635.4645491806348
590			628.2676165281891
591			620.7129901163057
592			613.3075240956248
593			606.8048000624491
594			601.9909982526938
595			599.5459913077393
596			599.5041938557101
597			601.6577272359286
598			605.7880796437249
599			611.4604159365125
600			618.0332835893595
601			624.8572971123376
602			631.3833059999915
603			637.3034781615833
604			642.3455620959862
605			646.2625449021865
606			648.9776873663745
607			650.4846405175731
608			650.7787510049185
609			649.8918239647091
610			647.8936231201212
611			644.8557892585249
612			640.9051887731072
613			636.3145118686347
614			631.380238522707
615			626.3803052604777
616			621.454304960788
617			616.6793137085293
618			612.1296579791148
619			607.8090720478922
620			603.6416371867713
621			599.5471611274766
622			595.4359057313968
623			591.1906400353969
624			586.6892134628994
625			581.8280498978287
626			576.6559216840402
627			571.2962625971036
628			565.8746052195254
629			560.5697862674006
630			555.6254056949684
631			551.2889499677466
632			547.766820731475
633			545.1372213410663
634			543.4534203178606
635			542.7527445191675
636			542.9297778064675
637			543.8038796340759
638			545.1939924552088
639			546.9290893669275
640			548.8511715782255
641			550.8031065600799
642			552.6032895218584
643			553.9880392162958
644			554.6764868706073
645			554.4140755882077
646			553.2012957930854
647			551.1818789641064
648			548.5023993731036
649			545.3651922413801
650			542.0493961271787
651			538.8397438874682
652			535.9633210934783
653			533.4413008488059
654			531.2488996451776
655			529.3749757118684
656			527.9501201750372
657			527.188950691032
658			527.3061376379668
659			528.4636148161959
660			530.7469675641328
661			534.2358053559856
662			538.9433836665465
663			544.6331319921054
664			551.0096944478929
665			557.7691422896248
666			564.5131775931844
667			570.7850404907853
668			576.1318340389321
669			580.3642229329113
670			583.6900313221772
671			586.3499534092053
672			588.55712062755
673			590.416522250816
674			592.0066291949096
675			593.4062285066499
676			594.697745647219
677			595.9659361753605
678			597.2945828053996
679			598.7066212332735
680			600.1305635020954
681			601.4867862294332
682			602.6438843268419
683			603.2613540898461
684			602.9459195283105
685			601.3228509066485
686			598.2372847726654
687			593.6782592100542
688			587.6399094691027
689			580.2809616910326
690			572.0201467976497
691			563.2991430367416
692			554.5796766107845
693			546.4056875242818
694			539.3421874087851
695			533.9106926422542
696			530.1102618513512
697			527.5947189281212
698			526.0128486690018
699			525.0835317660129
700			524.6369755692865
701			524.513283901672
702			524.5793775620809
703			524.8122774357909
704			525.2172560698181
705			525.8093149170761
706			526.7197761437932
707			528.1565665446016
708			530.3259119514146
709			533.2426860456391
710			536.6202478642476
711			540.1454361616538
712			543.454618411644
713			545.979830366999
714			547.1014058064234
715			546.2026252722828
716			542.7011853736818
717			536.0370627974007
718			525.6613658169865
719			511.6611537879311
720			495.10381011079835
721			477.1404191215283
722			458.8939366330409
723			441.37681625604523
724			425.574380061423
725			412.40175524761935
726			401.9886656984563
727			393.9722904317682
728			387.9829858020024
729			383.69259992805235
730			380.83463664424613
731			379.14760608285576
732			378.5116875133921
733			379.33803276323437
734			382.16216653445764
735			387.449742712782
736			394.9321070057831
737			403.90141923751384
738			413.6472934627678
739			423.6180247201081
740			433.48573571079686
741			442.9394345821731
742			451.7234198147168
743			459.7762287549042
744			467.0790298277275
745			473.61765343535683
746			479.42305182701335
747			484.551488756774
748			489.05783201893314
749			492.92966751255443
750			496.06592477840496
751			498.35949645153073
752			499.7578032670633
753			500.3845816552449
754			500.39913941729395
755			499.92369440796415
756			498.756226310701
757			496.5271635521679
758			492.857418843899
759			487.09731620203524
760			478.26959724756335
761			465.37781976186534
762			447.9478663810405
763			427.0317654241052
764			403.9587925429786
765			380.13548769659536
766			357.56693061985465
767			338.5376236790892
768			325.2906166536918
769			318.9006167724076
770			319.16514260621705
771			325.8158477836855
772			338.1078326563819
773			354.06084257020717
774			371.4970663480372
775			388.3990794877591
776			403.8299409121702
777			417.2987904606253
778			428.33378058968066
779			436.8461993788202
780			443.1187044937945
781			447.44926834648237
782			450.1493377482964
783			451.5607953880153
784			452.0297005178647
785			451.85872130259565
786			451.10107675517537
787			449.72101911349984
788			447.6843703116286
789			444.9858756037352
790			441.6446609056384
791			437.68133516582185
792			433.2023222480633
793			428.4799851391468
794			423.8056512099692
795			419.4315231676976
796			415.4215935207804
797			411.78333076609334
798			408.52558601203305
799			405.6760179613554
800			403.27578444357783
801			401.36499738480035
802			399.8918124728084
803			398.6548184040631
804			397.43887905319997
805			396.10705500763146
806			394.83050129561934
807			393.8562409991275
808			393.39964136986504
809			393.3442368287882
810			393.3754850797843
811			393.1757106236264
812			392.40699774882955
813			390.7042339148885
814			387.70041471306996
815			383.07737653639657
816			376.67103485898394
817			368.34761394315046
818			358.0528423766408
819			346.3737521520596
820			334.2072626301596
821			322.444711951348
822			311.7727839280946
823			302.6553149258447
824			295.5444463241171
825			290.7283810649638
826			288.0888630419179
827			287.4457246103954
828			288.5825227701577
829			291.06020949499754
830			294.35534564181603
831			297.9589941189063
832			301.62468354646956
833			305.33256512606846
834			309.07047722935863
835			312.8542323662106
836			316.7533053953923
837			320.84324447722446
838			325.2214286688306
839			330.08556438806335
840			335.6621608343572
841			342.15163661883435
842			349.43679630985685
843			357.18854009642115
844			365.0758359153002
845			372.866841687183
846			380.4746802442155
847			387.8239713457146
848			394.83538897988086
849			401.41632809396566
850			407.4713931764761
851			412.90698284278045
852			417.64454075637923
853			421.6130218340381
854			424.74330073869885
855			427.016918095209
856			428.470825038705
857			429.145192417756
858			429.20782281544933
859			429.135327362734
860			429.45010113494715
861			430.6052775967557
862			432.65313856359415
863			435.5020946253635
864			439.05639550348525
865			443.15730625639327
866			447.5957443072206
867			452.1605429171816
868			456.5857750228643
869			460.5113072471724
870			463.56770481056776
871			465.5367811382264
872			466.7972333387022
873			467.87497925766826
874			469.25087237380416
875			470.9650655976406
876			472.80846978267397
877			474.5749951714408
878			476.2518444264894
879			478.0596028128804
880			480.2324524558868
881			482.82744294003896
882			485.43469297982546
883			487.56828465943113
884			488.8270744199931
885			489.3352156747771
886			489.4178033764338
887			489.3872344135433
888			489.33595146915565
889			489.1739597598293
890			488.8060229741062
891			488.16038820795836
892			487.2063636321258
893			485.9173968463102
894			484.21890679697754
895			481.84799088453303
896			478.4955957406546
897			473.8385258448046
898			467.4201166313663
899			458.7103182906303
900			447.197013986229
901			432.92875510552835
902			416.5987233757542
903			398.9359049449596
904			380.74064961833716
905			362.9874103092093
906			346.67669081756804
907			332.68603764786565
908			321.2101968577778
909			312.20826138587876
910			305.61898404075845
911			301.09801796394476
912			298.09190192922136
913			296.0411599819968
914			294.32272267987594
915			292.2170053441323
916			288.99643502429166
917			284.2365963007575
918			278.50268549564805
919			272.5614995306875
920			267.1347968696411
921			262.6073620204125
922			259.21132274516043
923			257.174591276404
924			256.65430897073793
925			257.74141916587104
926			260.52150437209184
927			264.75978075015075
928			269.6099756174713
929			274.1570321537349
930			277.55530887103737
931			279.24667637018564
932			278.7474327088873
933			275.59684640808285
934			269.55412490679095
935			260.5008027321758
936			248.33408964352003
937			233.36016527643
938			216.34336625627648
939			198.07248123167446
940			179.38662180513504
941			161.23954391379073
942			144.60088925217707
943			130.31435531956492
944			118.601800992237
945			109.49350352658323
946			103.01968651112635
947			99.21057353438911
948			98.09638818489422
949			nan
950			nan
