Nom de l'instrument : SAM_80E0
Fichier_calib_utilise: /Users/mdlemineahmedou/Documents/Stage/pipeline_LOG/data/calibration/ALL_2023/Cal_SAM_80E0.dat
Date : 2017-07-05
Heure : 15:47:59
InclX : 
InclY : 
Pressure : 
Comment : J4-4
Mission : VITEL

l_onde		data
310			nan
311			nan
312			nan
313			nan
314			nan
315			nan
316			nan
317			348.6027311550476
318			340.94728482368345
319			336.2573673527392
320			334.0660960496471
321			333.9065882218394
322			335.31196117674824
323			337.8153322218061
324			340.9592939825406
325			344.52416634147176
326			348.5395431286085
327			353.04608249726175
328			357.79657063683254
329			361.8176267198477
330			364.0231427934235
331			363.6033546439145
332			361.6007262365609
333			359.8189286408429
334			360.00418712485043
335			362.55425023582654
336			366.5329728445201
337			370.9482198824451
338			375.06239735206526
339			378.74395218990145
340			381.9495868056669
341			384.71055435921414
342			387.5299182718817
343			391.0947703762216
344			396.0626769535829
345			402.4645646266404
346			409.73738575512255
347			417.2948873698857
348			424.5983313840953
349			431.21759667576885
350			436.7376711009654
351			440.8150387219731
352			443.54138610399525
353			445.17215364238155
354			445.96477847386313
355			446.21062177075237
356			446.23231819874957
357			446.35449358375814
358			447.0756695569153
359			449.28215414364587
360			453.91269471965427
361			461.670401532278
362			471.8549041584052
363			483.2483405861611
364			494.63854465330434
365			504.9402968473965
366			513.1838080938629
367			518.4065521370734
368			520.2652353405218
369			519.7838494501015
370			518.1691920807541
371			516.5754069406715
372			515.8447987437544
373			516.7052993655168
374			519.8257671169166
375			524.7276528829078
376			529.8895594826547
377			533.7548505542933
378			535.3208964995923
379			534.8133345592936
380			532.622793054034
381			529.2794719957602
382			526.1480111120469
383			524.9018090200625
384			527.1484489810936
385			533.1771363903902
386			542.0643023175599
387			552.841036681355
388			564.4952317017327
389			575.9173424073068
390			585.9844744830546
391			593.9855063556994
392			601.7300962223275
393			611.9814158081919
394			627.4422395471327
395			649.5278282118055
396			678.4405692979986
397			714.3318533877446
398			756.3886221403823
399			801.5569286667155
400			846.4653155992199
401			887.9672097822922
402			924.3447937549802
403			954.4395190005687
404			977.1768656713218
405			993.301979892355
406			1005.33468508647
407			1015.8660449203851
408			1026.6975411214812
409			1037.7185655434582
410			1048.5347476806571
411			1058.7606709876786
412			1068.07071577538
413			1076.1637563283125
414			1082.7381650431598
415			1087.4785876602145
416			1090.0556690280118
417			1090.1401557415502
418			1087.7157340339659
419			1083.564743641525
420			1078.595092660374
421			1073.5368657960046
422			1067.8565630205164
423			1060.4735683134659
424			1050.344772884513
425			1037.474284790711
426			1022.9938207574603
427			1008.090997420472
428			994.0128424215679
429			982.1678581768604
430			973.9917203395127
431			970.7240475208946
432			972.1046501366832
433			977.1807043176732
434			984.9925428153165
435			994.4876157941329
436			1004.5068761546567
437			1013.8857801477764
438			1021.8674991150529
439			1028.8870664426863
440			1035.5961469055667
441			1042.5990058741047
442			1050.1050824658244
443			1058.127798075886
444			1066.6737581888003
445			1075.5630491988163
446			1084.3862141850634
447			1092.719706469335
448			1100.226545746391
449			1106.844454494091
450			1112.5655192085292
451			1117.3785002643415
452			1121.2416498299956
453			1124.0968254912048
454			1125.8913344236914
455			1126.8026840744644
456			1127.3146942959577
457			1127.932392492167
458			1129.0259307469128
459			1130.4968848146402
460			1132.1451392229687
461			1133.7663841310818
462			1135.1134691846303
463			1135.9141784397389
464			1135.9004547934694
465			1135.0294054521316
466			1133.584277342919
467			1131.8738603628576
468			1130.2097526144985
469			1128.9143140018432
470			1128.3124820218918
471			1128.7065693595116
472			1130.138615822472
473			1132.4840354648343
474			1135.6148610316625
475			1139.3608155229226
476			1143.484496626857
477			1147.742543357878
478			1151.8387997622058
479			1155.2525276066249
480			1157.4032825448216
481			1157.7479175667768
482			1156.2322816999547
483			1153.1461786821928
484			1148.7896978991519
485			1143.7285373719549
486			1138.992600808879
487			1135.658561717107
488			1134.6887600502048
489			1136.5027897186312
490			1141.3593616959513
491			1149.4517695472468
492			1159.984004339983
493			1171.3929069431076
494			1182.0991133767222
495			1190.98377018962
496			1197.8192807198877
497			1202.4800134878026
498			1204.9209155635094
499			1205.5259170583627
500			1204.8211401877488
501			1203.3312262188736
502			1201.5529768578674
503			1199.9593290755613
504			1199.02120361791
505			1198.9839857428385
506			1199.6073990139362
507			1200.5880886300197
508			1201.5873708124989
509			1202.054627591676
510			1201.3605726801313
511			1198.8901228694424
512			1194.3291193165178
513			1187.6491799143935
514			1178.834195417089
515			1168.1660901410557
516			1156.6438685721125
517			1145.3721905299192
518			1135.3835591099119
519			1127.2205012338866
520			1121.2218059743054
521			1117.7030086878694
522			1116.4076751504247
523			1116.4766483077758
524			1117.02231788735
525			1117.3347141689828
526			1117.1831373559778
527			1116.416906575609
528			1114.9247189265163
529			1112.8992965425382
530			1110.6748838718102
531			1108.577009226144
532			1106.6355640220484
533			1104.5343726017586
534			1101.937652057009
535			1098.6098109248355
536			1094.6192116906022
537			1090.0916406121705
538			1085.1766961532708
539			1080.2339220036638
540			1075.7321126162037
541			1072.1354420303198
542			1069.6912169962793
543			1068.3645677141797
544			1068.1017180486526
545			1068.834251145468
546			1070.4437207975168
547			1072.8010036069575
548			1075.7747536665825
549			1079.211152398133
550			1082.943335110178
551			1086.804730898912
552			1090.6515533988015
553			1094.3729727831817
554			1097.8607352668469
555			1100.990059919557
556			1103.5725327358095
557			1105.4044273115512
558			1106.3059529798638
559			1106.3760352564182
560			1105.893636757074
561			1105.1409325099844
562			1104.4134829250952
563			1104.0283623948067
564			1104.3045885735114
565			1105.394012711535
566			1106.7243233783254
567			1107.5271617270816
568			1107.0850880368105
569			1105.3662118219477
570			1102.8298447598013
571			1099.9456457104664
572			1097.1518307435256
573			1094.8305172721807
574			1093.3580204923535
575			1092.9780313408967
576			1093.2893717682323
577			1093.695144830564
578			1093.628894661049
579			1093.0003706296454
580			1092.0964401710116
581			1091.2128022306047
582			1090.4516986750423
583			1089.5328881310647
584			1088.1312258486255
585			1085.9439217269137
586			1082.7898500852825
587			1078.5290752255091
588			1073.0373462437865
589			1066.4749666873108
590			1059.2502891785662
591			1051.7806860165422
592			1044.621154797917
593			1038.6274642001845
594			1034.6951220066487
595			1033.5800154264534
596			1035.1903103107202
597			1039.1159532126385
598			1044.938354492047
599			1052.069938165855
600			1059.7617239560677
601			1067.2587215268725
602			1073.9417637285203
603			1079.5186813762418
604			1083.7455186817026
605			1086.4069156424057
606			1087.480435392301
607			1087.0233944708405
608			1085.0938512756238
609			1081.7619734111724
610			1077.110535927318
611			1071.2230294812023
612			1064.250052087211
613			1056.5193994649221
614			1048.3877754601463
615			1040.1911857619762
616			1032.1112172164821
617			1024.2596755757088
618			1016.7453292315889
619			1009.5990688670739
620			1002.7639115272998
621			996.1781396051294
622			989.7493168092188
623			983.2965347273141
624			976.6230535932407
625			969.5589139613772
626			962.1538096348381
627			954.5650799160011
628			946.9532399640734
629			939.5606932171657
630			932.7293353994629
631			926.8070300178649
632			922.0722622916577
633			918.5870341272912
634			916.3712409776743
635			915.4275073169065
636			915.6038118273173
637			916.6666361066401
638			918.3827156850698
639			920.5570777764995
640			923.044484023538
641			925.7030117913596
642			928.3482785920305
643			930.6534976781357
644			932.2620616089177
645			932.8513983675451
646			932.4288494565031
647			931.1870441923942
648			929.320678769486
649			927.0249072684269
650			924.495514447825
651			921.9283284093809
652			919.4649625555044
653			917.0533788032013
654			914.5983189271759
655			912.0331877000574
656			909.5891884494708
657			907.6740747593419
658			906.697022892399
659			907.0223331079449
660			908.9493372129265
661			912.7722812172055
662			918.6441998031312
663			926.1864602572355
664			934.8953257009554
665			944.2578688712416
666			953.6599956721149
667			962.4249389007775
668			969.8820043954485
669			975.7505980795063
670			980.3379653571038
671			984.0000029109087
672			987.0548788008261
673			989.6727333334858
674			991.9874078095373
675			994.1320016538041
676			996.2310758927615
677			998.4037234288103
678			1000.7671003721248
679			1003.3271636817547
680			1005.9173091902011
681			1008.3560650759918
682			1010.4118116050776
683			1011.6504278142313
684			1011.5866855023318
685			1009.7582094986223
686			1005.9735478390617
687			1000.2185666319965
688			992.4863598558037
689			983.0326729294037
690			972.5281626303009
691			961.6801047019221
692			951.1972195380442
693			941.7941518374283
694			934.1870647147465
695			929.0313413865214
696			926.2522872297403
697			925.2927796574917
698			925.5882145209972
699			926.6437237506805
700			928.0751944728712
701			929.5083594860245
702			930.6623648418606
703			931.6398751226258
704			932.6419656943586
705			933.8664138256405
706			935.4715632582985
707			937.5897882350263
708			940.350691917444
709			943.7386898816809
710			947.5094248204678
711			951.3984172811554
712			955.0558433405237
713			957.7863641145026
714			958.8072152059349
715			957.3321460181535
716			952.5341897784732
717			943.560021107594
718			929.5717013869232
719			910.667181703663
720			888.3870951502433
721			864.3952522762751
722			840.2653722232853
723			817.2172522796528
724			796.3837915121601
725			778.8219863862417
726			764.7395668523062
727			753.8116678817956
728			745.7039611334388
729			740.014988724906
730			736.243539969043
731			733.8803087485021
732			732.6312304768769
733			733.0089607078808
734			735.715117873656
735			741.3642083616522
736			749.6552334862504
737			759.7396357624697
738			770.7638985119867
739			781.988205270775
740			792.8331195561411
741			802.7313108200784
742			811.2518893855919
743			818.4432920429934
744			824.4591570012583
745			829.4517761615047
746			833.5604109241013
747			836.9170131131327
748			839.6506041675445
749			841.7758008063952
750			843.1564703413086
751			843.6462103178734
752			843.1752642136678
753			841.9217088390808
754			840.1136209288774
755			837.9180881307941
756			834.9690350138175
757			830.6248721827582
758			824.2316101907559
759			814.7986180998541
760			800.927717177828
761			781.196946736339
762			754.9307871431306
763			723.6346944269766
764			689.2103316707459
765			653.6911890166862
766			620.1319750924669
767			592.0641447136015
768			572.9504848126802
769			564.316251985391
770			565.5686666667128
771			576.0061275652802
772			594.3276236366384
773			617.678311610917
774			642.954861191918
775			667.2803018695322
776			689.3025902943283
777			708.299254001384
778			723.5779431857426
779			735.0586147384768
780			743.2547284012574
781			748.7040708257888
782			751.932693407777
783			753.44014003055
784			753.7223170838977
785			753.2231031459147
786			752.0872763514486
787			750.3529397808611
788			748.0545229749114
789			745.1654558278262
790			741.6077491112467
791			737.3030161876777
792			732.3171031913853
793			726.994757186304
794			721.7125994819579
795			716.7888841146763
796			712.261087855519
797			708.0823633661215
798			704.2151196219845
799			700.7469108580103
800			697.8551141587475
801			695.7164608868738
802			694.328750420953
803			693.3987489371691
804			692.606516317293
805			691.7175940850819
806			690.8343207696287
807			690.1419709413825
808			689.8028569553898
809			689.738589315704
810			689.7270994566222
811			689.5411950522696
812			688.8192786438345
813			687.0191522247754
814			683.5859555576494
815			678.0420361788349
816			670.1533105755847
817			659.7336075130061
818			646.697656829733
819			631.7740837299691
820			616.0847997951183
821			600.7458023041023
822			586.6448591077874
823			574.42121975845
824			564.7010830720191
825			557.9247373048254
826			554.07153531372
827			553.0506206204229
828			554.6890346337689
829			558.3099961910154
830			563.0457214809142
831			568.0569992426496
832			573.0225815725837
833			578.0684492439257
834			583.3344833294942
835			588.8687552829062
836			594.5432196107728
837			600.2098985701879
838			605.8215440169765
839			611.7938267094478
840			618.6753158689136
841			626.9633019407631
842			636.5307525960444
843			646.8341025059707
844			657.3252246415402
845			667.6116709378583
846			677.5285161741366
847			686.928881278479
848			695.670046828072
849			703.6232922228622
850			710.6628385765459
851			716.6739894300953
852			721.6349824728218
853			725.5704528477987
854			728.506161832837
855			730.4891771070096
856			731.5898679610024
857			731.8802284505513
858			731.5714603465645
859			731.2115823764507
860			731.3985497376809
861			732.6577710611325
862			735.0947916423681
863			738.6644619931717
864			743.3114611463023
865			748.8223745192524
866			754.8574132773193
867			761.0728486719183
868			767.0919948123613
869			772.4814683561384
870			776.8022879792096
871			779.778931148843
872			781.7809466944509
873			783.3369896232048
874			784.9546781662939
875			786.9359043959488
876			789.4662101576226
877			792.7231721557738
878			796.6639839674326
879			800.9797470599339
880			805.3457330968713
881			809.4679032062234
882			813.1331175887522
883			816.1414103287292
884			818.3435745689927
885			819.9049275694771
886			821.1111013141987
887			822.2333252772653
888			823.296992694593
889			824.1235919012602
890			824.5295796089579
891			824.4279895804187
892			823.9007219375469
893			823.0467004955782
894			821.8389525593475
895			819.7568620794657
896			816.1588389557711
897			810.4264202925592
898			802.1594102476524
899			791.0776226859225
900			776.911342557332
901			759.6676176639921
902			739.6717049090292
903			717.2675600343819
904			693.1728044952237
905			669.0166772938444
906			646.5648219210107
907			627.3843890395957
908			611.9402686375647
909			600.3169303804711
910			592.545899223738
911			587.9187055833844
912			585.1802755934544
913			583.0674734916854
914			580.5854555944094
915			577.146562573871
916			572.1972471779309
917			565.4903527272701
918			557.7788880589463
919			550.0196125914908
920			543.104587438986
921			537.441806441108
922			533.2199701255513
923			530.6256540046688
924			529.8241688659555
925			530.9609347913118
926			534.1777479069124
927			539.2911702638115
928			545.4969839569532
929			551.9211418203313
930			557.6002234464971
931			561.2006324678985
932			561.2929460929892
933			556.5297291126511
934			546.3485710028831
935			530.623681482666
936			509.2564097516968
937			482.78729556487167
938			452.4729451592636
939			419.60852268775795
940			385.6475092126159
941			352.40405891501115
942			321.74230285188537
943			295.2864914044231
944			273.47648476591183
945			256.38724557841914
946			244.09363426505558
947			236.67051124893197
948			234.19273695315894
949			nan
950			nan
