Nom de l'instrument : SAM_839E
Fichier_calib_utilise: /Users/mdlemineahmedou/Documents/Stage/pipeline_LOG/data/calibration/ALL_2023/Cal_SAM_839e.dat
Date : 2017-07-02
Heure : 17:13:59
InclX : -9
InclY : 8.16
Pressure : +INF
Comment : 
Mission : VITEL

l_onde		data
310			nan
311			nan
312			nan
313			nan
314			nan
315			nan
316			nan
317			0.08192003269857621
318			0.08922454736866739
319			0.09290841959424062
320			0.09295724798483711
321			0.08935663114999824
322			0.08209216769926529
323			0.0711494562421796
324			0.056739797443477215
325			0.04373204035000684
326			0.041374116487093715
327			0.05904707810576265
328			0.09784956507400851
329			0.1401615454062963
330			0.16579268687637158
331			0.15838854378487996
332			0.124590093076204
333			0.07956863741438847
334			0.03816963373065203
335			0.008626545351841973
336			-0.006831797350620247
337			-0.006210430848995041
338			0.009400121594073094
339			0.03215257139164567
340			0.053304814075233964
341			0.06555074233669722
342			0.06995022833280132
343			0.07058456538794304
344			0.07135534838570841
345			0.07270028311847436
346			0.07197073286819443
347			0.06642683179747025
348			0.05638940242954128
349			0.04878223129916065
350			0.05138854510201606
351			0.06972828200995522
352			0.09627504796251737
353			0.1188376209729369
354			0.12576277199780242
355			0.11557722324030635
356			0.09584070982731338
357			0.07441762893049562
358			0.0575619215191418
359			0.04805069351556309
360			0.048208125244995466
361			0.05943242909514665
362			0.07775015129502093
363			0.09725559361818091
364			0.11225964384431607
365			0.12124371845756537
366			0.12642725561919327
367			0.13015676690588907
368			0.1337525255188162
369			0.1362843883430986
370			0.13652370885311402
371			0.13397430224568124
372			0.1324858457693842
373			0.13750466429403035
374			0.15409435372002808
375			0.17969350552825242
376			0.20474421104947485
377			0.21945075358820448
378			0.21881850813583695
379			0.20869945848478696
380			0.1964343174518257
381			0.1885924554201347
382			0.18698976797120945
383			0.19163298661402203
384			0.2024548425576237
385			0.21790409996422883
386			0.23501780574807446
387			0.2507816465519667
388			0.2634690768339145
389			0.2743917988523596
390			0.2852994725378212
391			0.29773944184591666
392			0.31194474860009536
393			0.3276233929624629
394			0.3445660896732308
395			0.36449101170444353
396			0.39104010683355184
397			0.42793024027276355
398			0.4757124640526532
399			0.5270354407573529
400			0.5733351581125975
401			0.6073175514057129
402			0.6305107071050383
403			0.6481865906580886
404			0.6655333046692797
405			0.6852484204972248
406			0.7073922493288184
407			0.7318982167131486
408			0.7586699084203106
409			0.7875311108539128
410			0.8182924127065542
411			0.850635372186173
412			0.8832694774710879
413			0.914461204677934
414			0.9425223450503539
415			0.9671556243366404
416			0.9896428672534813
417			1.011351320778433
418			1.0336830354190714
419			1.0581409866462645
420			1.0862463398753042
421			1.1190036892910387
422			1.1531379776333313
423			1.183259074384877
424			1.2041131455969671
425			1.2156582817865147
426			1.2242591449339164
427			1.2366732384365926
428			1.2580524614268476
429			1.2884412105222267
430			1.3268705740436098
431			1.3723617056100796
432			1.423843959303131
433			1.4801970631957666
434			1.540290559017305
435			1.6025868560423453
436			1.665001422814734
437			1.725411365634317
438			1.782702087752535
439			1.8393160999702276
440			1.8984799291522858
441			1.9631662601570132
442			2.0336931138690924
443			2.108796747727128
444			2.1871742530572815
445			2.266558358842292
446			2.343253287110162
447			2.4134478078420973
448			2.4746245847686543
449			2.529379120188391
450			2.5815696315892875
451			2.634751743948242
452			2.6888435277887432
453			2.7413580191486715
454			2.7897958795309417
455			2.83382068537939
456			2.876659116180268
457			2.921870361312057
458			2.9717491900908644
459			3.022945855452269
460			3.070536139793431
461			3.1099669825245275
462			3.1419026750091263
463			3.170858030455049
464			3.2014224345210627
465			3.236624686817786
466			3.2766107689098822
467			3.321215215536889
468			3.3699583778613467
469			3.420763264922824
470			3.4710465071852385
471			3.518428474500299
472			3.5639448238916707
473			3.611459692991183
474			3.6649051391042953
475			3.725443218295754
476			3.7884516634783285
477			3.848583449024891
478			3.9012279563184205
479			3.9460736783196375
480			3.98436477734024
481			4.017317155354212
482			4.045526651549964
483			4.069010079383808
484			4.087770064825542
485			4.104121525350591
486			4.125880747662402
487			4.161664511317629
488			4.218691329621511
489			4.294725245923569
490			4.3836140536816295
491			4.479182069769959
492			4.57497492703974
493			4.6642435266208055
494			4.740229263654575
495			4.799266590951968
496			4.846137963823474
497			4.887054942190735
498			4.927820061626506
499			4.971002779367685
500			5.017636962890553
501			5.068750621053876
502			5.1254850800416385
503			5.1891179565001835
504			5.260934366661328
505			5.340738770333215
506			5.42366046938256
507			5.503908288482285
508			5.576159723539331
509			5.639467633786223
510			5.695269756568135
511			5.745040418849277
512			5.790809828817086
513			5.835371557081197
514			5.881574559937417
515			5.93213139811888
516			5.989253822594145
517			6.055038670280915
518			6.131427325214915
519			6.218627125883014
520			6.315760429194371
521			6.421918601310822
522			6.535294312955427
523			6.652665699216045
524			6.770686659742448
525			6.886731786204282
526			7.001264565865259
527			7.115575873821242
528			7.230754820565125
529			7.345165054723038
530			7.455212893975744
531			7.557283240669653
532			7.649800374622822
533			7.734881558449967
534			7.815033225480671
535			7.892572538704941
536			7.968867460223215
537			8.044989023446968
538			8.121956869862123
539			8.199938508641583
540			8.278399278090088
541			8.35678936763557
542			8.435488950046352
543			8.516822619652272
544			8.603358959466764
545			8.697107915168122
546			8.796791767776378
547			8.899934100018681
548			9.004071973491119
549			9.107059350131346
550			9.207049662740415
551			9.302208396439958
552			9.390802279090911
553			9.471343252472492
554			9.542379655690851
555			9.603199605838977
556			9.658218513905696
557			9.714023201615394
558			9.777040189566057
559			9.849211972009025
560			9.927624427650299
561			10.009120220807386
562			10.090172999774655
563			10.166218205502355
564			10.232510030435117
565			10.285139452030704
566			10.327056702974208
567			10.36457184697701
568			10.403945336886272
569			10.448886126238856
570			10.499938086747292
571			10.557447853253061
572			10.621378242273392
573			10.69043549818497
574			10.763069117899281
575			10.83770450693376
576			10.91253234795994
577			10.985610963103806
578			11.054973443583235
579			11.117516462752869
580			11.1685235386483
581			11.203155416387201
582			11.216685340593578
583			11.204815184633604
584			11.163348888122247
585			11.088700163235021
586			10.984384261683084
587			10.858504222410103
588			10.719283027851878
589			10.577886016195178
590			10.45025278258216
591			10.352759632705638
592			10.297641622049154
593			10.278813720541459
594			10.285126592416349
595			10.305768479613409
596			10.334659436548726
597			10.369204136414885
598			10.406891204059146
599			10.445514966220795
600			10.483435925366054
601			10.519075947989048
602			10.55116624538145
603			10.580021747806578
604			10.606462850367326
605			10.631302508417042
606			10.655223687681717
607			10.678800789141805
608			10.702595352032313
609			10.725582311334461
610			10.743389182563838
611			10.751218960718289
612			10.745847252825554
613			10.73333792058497
614			10.723152755403845
615			10.724407859055486
616			10.73895515353047
617			10.761802415796138
618			10.787692085053566
619			10.811762451877861
620			10.830100655933016
621			10.83893305531439
622			10.835144809967252
623			10.820095648031828
624			10.79700625344259
625			10.769125111688526
626			10.740253658828438
627			10.714777797951955
628			10.697110968232277
629			10.691357987585642
630			10.700786262390178
631			10.728522529247646
632			10.776433319544067
633			10.836577058229661
634			10.896414947764045
635			10.943645676681289
636			10.97429379651399
637			10.994198513546324
638			11.009761234142875
639			11.023986391749336
640			11.029494475867827
641			11.016928734454453
642			10.9781037530633
643			10.915237478477122
644			10.83599411545326
645			10.748060621779246
646			10.658139736902655
647			10.571648526444596
648			10.493917141465587
649			10.42806752219404
650			10.369664374821307
651			10.312657067351024
652			10.25202344217457
653			10.193112747896462
654			10.14728259711223
655			10.125808304044707
656			10.132273868315952
657			10.159207452634883
658			10.19828063364117
659			10.242706417166705
660			10.291557906386469
661			10.345300575266203
662			10.404015456326
663			10.463409415720852
664			10.516411725225176
665			10.555976703021658
666			10.579366015224492
667			10.590602077642972
668			10.594298848737624
669			10.594577715804448
670			10.593499401241449
671			10.59258583925472
672			10.593175190329795
673			10.594264888768139
674			10.59323914750804
675			10.587462691944484
676			10.575269428488138
677			10.556640144829847
678			10.531715664310674
679			10.498269628678031
680			10.443292864889935
681			10.350707623341522
682			10.205963143392458
683			10.016072904999211
684			9.804015878351926
685			9.593060828500027
686			9.398138720540876
687			9.218987036757655
688			9.053729509111369
689			8.901083475281764
690			8.762677272322579
691			8.641030130257793
692			8.53830848681789
693			8.451218636457549
694			8.372170748466193
695			8.29347705440589
696			8.209603043447697
697			8.119178062643195
698			8.021307344861615
699			7.916256168392415
700			7.810339900299693
701			7.7118398785869715
702			7.628247333077656
703			7.553840888392794
704			7.471975731354455
705			7.365740895094369
706			7.22704658871694
707			7.065697588466697
708			6.8936652188972145
709			6.718998952083576
710			6.528280323799965
711			6.30078261689221
712			6.016978412395703
713			5.678712643172147
714			5.306175366272183
715			4.92013835750674
716			4.539109256910616
717			4.176837449232835
718			3.8464716337967797
719			3.5589106602047687
720			3.3123101167191917
721			3.1003441197545647
722			2.9167727761571
723			2.7570351706443117
724			2.61804784810409
725			2.496769193525776
726			2.3886169623774407
727			2.285699745667175
728			2.1796975981465927
729			2.06514580703959
730			1.9530597092038524
731			1.8603545051073915
732			1.803018273053035
733			1.7794527593773533
734			1.7724050242325198
735			1.7641150294264643
736			1.7441444498054102
737			1.717897565817495
738			1.6928478691973532
739			1.6754722522312755
740			1.666480494308549
741			1.6645127171685494
742			1.668146592718964
743			1.674839879160505
744			1.681056009524672
745			1.6832411506062324
746			1.680933373450373
747			1.6803079368324532
748			1.6883990111434923
749			1.7093243976829944
750			1.7305700116164142
751			1.7337347418320899
752			1.7014562745248516
753			1.635410373105689
754			1.5538835988186264
755			1.4756679530334922
756			1.4111473237710614
757			1.3530846836955635
758			1.2920258274784888
759			1.2214457099549851
760			1.1509890507829021
761			1.0958496919131326
762			1.0705739386699538
763			1.0784453418515034
764			1.1132404068088144
765			1.1684365780036747
766			1.2373950919691925
767			1.3132433582215957
768			1.3890807499257662
769			1.459217345104365
770			1.5243131367366567
771			1.5871027652210192
772			1.649843920791621
773			1.7071597803173195
774			1.7475406022502873
775			1.7594004085397301
776			1.7419946810491085
777			1.7151670171781552
778			1.7010624769484746
779			1.7164179110851634
780			1.751534282657249
781			1.7886475947666736
782			1.810958646895186
783			1.8156182398489296
784			1.8102581229529895
785			1.8027317264443368
786			1.7979825193975727
787			1.795829381097034
788			1.795569846782155
789			1.7967165367276834
790			1.7997426281596083
791			1.805389343057903
792			1.8144586121671737
793			1.8285265220112983
794			1.849703219969504
795			1.880024463333361
796			1.915921891349139
797			1.9448371566788505
798			1.9534019736787749
799			1.9338674624205021
800			1.9009429128132693
801			1.8749472981779327
802			1.874239394864583
803			1.8955283418914042
804			1.9220776571174418
805			1.9370910543965258
806			1.9307507554088796
807			1.9032526376703958
808			1.855566582795942
809			1.7897265342506958
810			1.711490867824807
811			1.6274323664664787
812			1.5438030910247127
813			1.4638457595751098
814			1.3891561282094145
815			1.3213503454885236
816			1.2633958154952087
817			1.2199623047626331
818			1.1958249902255569
819			1.1910960182752959
820			1.1918885090256794
821			1.181699462072676
822			1.1465070053537665
823			1.091712749759139
824			1.031868027244701
825			0.9812213467116897
826			0.9444843259717489
827			0.9160221106607949
828			0.8896858008051416
829			0.8611748332898568
830			0.8308559198738733
831			0.799821113843166
832			0.7693177535172512
833			0.7415895011847906
834			0.7192735473366957
835			0.7048740419866351
836			0.6982541167683094
837			0.6968599357090245
838			0.6980582425371583
839			0.7007504063762631
840			0.7070381533623279
841			0.7194235787327606
842			0.7387892642255132
843			0.75765931820994
844			0.7658691492476857
845			0.7541024452275299
846			0.725383260351481
847			0.6920487807504501
848			0.6665817842585794
849			0.6550414177784138
850			0.652616679660665
851			0.6534459293485778
852			0.6520972222745227
853			0.6448849890223385
854			0.6285672621305499
855			0.6007841272704404
856			0.5686161923025309
857			0.5448695174370967
858			0.5421609026940799
859			0.5616918408770765
860			0.5892689479441741
861			0.6096133281467575
862			0.6126381610259815
863			0.6044820241564063
864			0.5944442668091203
865			0.5905629491970762
866			0.5909603702637243
867			0.589070970709457
868			0.578570856720291
869			0.5599596636874631
870			0.5409265679316215
871			0.5294885216413108
872			0.5294969245000544
873			0.5349735447583128
874			0.5385229389087648
875			0.5332240126959917
876			0.5148728542059187
877			0.48023135822241425
878			0.4269408850497497
879			0.36668450735068975
880			0.32243407598015783
881			0.3172627263669235
882			0.3554040169003088
883			0.40799460462257386
884			0.442814474551044
885			0.436764429701639
886			0.40421072137787656
887			0.3691380814015899
888			0.3535135999910778
889			0.35822558287642575
890			0.3716125805147127
891			0.38195432357946085
892			0.3816468454263836
893			0.368389114554346
894			0.3402340762757347
895			0.29923897772684666
896			0.2589889130664463
897			0.23513087844327296
898			0.23905856915252555
899			0.2526382910649948
900			0.24521318776880932
901			0.1881015217540639
902			0.09322953708527915
903			0.010119110742871109
904			-0.010532935092400492
905			0.049773135338855676
906			0.14536725373664788
907			0.222972743742505
908			0.2416857017614752
909			0.21762939363419173
910			0.18334623360185726
911			0.16903586160853007
912			0.17759889467342527
913			0.19430142688281374
914			0.20428483068761116
915			0.2001261518738998
916			0.1845644987015412
917			0.16107208447145802
918			0.13444613040621092
919			0.11346170146715867
920			0.1076372364994312
921			0.12283506654105779
922			0.1390308371454212
923			0.12502713452062883
924			0.05196033420291027
925			-0.06166564087890965
926			-0.15372309297388212
927			-0.160818087049556
928			-0.0628873507878492
929			0.07618714505711204
930			0.1829078104031394
931			0.20222719455787724
932			0.15949195604083738
933			0.10194032351042767
934			0.07343294285962869
935			0.08212789977809219
936			0.11473736722251685
937			0.157698575082046
938			0.19806649844537938
939			0.22366478632072326
940			0.22237992817413943
941			0.18988997717008588
942			0.14244524299067302
943			0.09965194852524986
944			0.07708213984941413
945			0.06610834810445465
946			0.04912078508966032
947			0.00849483208683852
948			-0.0733941296222034
949			-0.2141707187556581
950			nan
