Nom de l'instrument : SAM_80E0
Fichier_calib_utilise: /Users/mdlemineahmedou/Documents/Stage/pipeline_LOG/data/calibration/ALL_2023/Cal_SAM_80E0.dat
Date : 2017-07-06
Heure : 13:52:27
InclX : 
InclY : 
Pressure : 
Comment : J5-1
Mission : VITEL

l_onde		data
310			nan
311			nan
312			nan
313			nan
314			nan
315			nan
316			nan
317			246.2887187817308
318			242.48601953956057
319			240.03850905007926
320			238.82626469012058
321			238.72936383651816
322			239.62788386610563
323			241.40190215571678
324			243.93065122975784
325			247.07216702080748
326			250.66225932639782
327			254.53532450271024
328			258.38120315564686
329			261.5250889955709
330			263.23556947647677
331			262.9881944483921
332			261.64570488410976
333			260.64093336264284
334			261.35596396007566
335			263.988706793015
336			267.56570421769317
337			271.06480453784974
338			273.8249589504083
339			276.0448743446017
340			278.0484606136031
341			280.15488628483917
342			282.6533131452519
343			285.82119892778474
344			289.92089018001633
345			294.89906364436695
346			300.4031814552168
347			306.0689719363831
348			311.5456276238768
349			316.5131196601459
350			320.6557005933059
351			323.7135191664854
352			325.7669682456359
353			327.0244644969475
354			327.6955565371835
355			328.0077529046718
356			328.2051188203017
357			328.5328531408739
358			329.3450295227502
359			331.23851164183264
360			334.8429950398818
361			340.6305978788724
362			348.13489010402685
363			356.5433800310458
364			365.0441931072186
365			372.84812139788556
366			379.1865673401498
367			383.2940439854993
368			384.88256547812057
369			384.71848361167656
370			383.7091149796909
371			382.72203154647616
372			382.3894205543609
373			383.2571374550413
374			385.8262013803373
375			389.72674515647213
376			393.79737622929247
377			396.85001465388933
378			398.1292853704685
379			397.8391464832621
380			396.3124217547533
381			393.98074427234087
382			391.8664860061464
383			391.21060377796334
384			393.20406648373
385			398.03702319574273
386			404.9789699489728
387			413.2650857532095
388			422.12066754904555
389			430.74872217611795
390			438.3492026276501
391			444.42919634297283
392			450.3759985071928
393			458.28811420262343
394			470.21656336317204
395			487.2015986941337
396			509.3313023742484
397			536.6539643206273
398			568.523133405521
399			602.6781338232366
400			636.6295710083042
401			668.0511446967038
402			695.6527408020619
403			718.5498476455929
404			735.9216635539709
405			748.3279891399549
406			757.6750938577293
407			765.9232881135728
408			774.4306844578177
409			783.0970839408217
410			791.6058679155175
411			799.6485248349312
412			806.9706844577144
413			813.3401538909394
414			818.5250242930258
415			822.2985636548385
416			824.4393202240395
417			824.7266032037813
418			823.1632464404126
419			820.3225412026363
420			816.8674689722783
421			813.3289361802389
422			809.2993449504357
423			803.9647370719013
424			796.5394639158736
425			787.0275944760672
426			776.2835397158366
427			765.2038750159061
428			754.7362169184154
429			745.9669081133766
430			740.0056363520835
431			737.8100281688555
432			739.1744636398432
433			743.3561178965844
434			749.6068661311106
435			757.1067756626296
436			764.9535803801436
437			772.2407730838244
438			778.3866537903695
439			783.7590223070404
440			788.8982583626715
441			794.3054483762066
442			800.1543744369595
443			806.4563232359652
444			813.2169445767354
445			820.2877294149312
446			827.3304501474291
447			833.9952347041666
448			840.005840499173
449			845.3196748442936
450			849.9403846531776
451			853.8674863133149
452			857.0626097593686
453			859.4670254010034
454			861.0266764423119
455			861.8873765665679
456			862.460893997017
457			863.1774094560501
458			864.3403956352653
459			865.8131232390111
460			867.3633295924872
461			868.7641464587789
462			869.8438034048608
463			870.4627672148191
464			870.4844562960623
465			869.9003587554154
466			868.8874655272194
467			867.6372960137903
468			866.3620335016114
469			865.353050858099
470			864.920687896882
471			865.3518283491736
472			866.6635202445518
473			868.7000637732367
474			871.3028385757933
475			874.3067652727823
476			877.5365171119607
477			880.8158576879229
478			883.9355553060514
479			886.5460210082354
480			888.2603512865732
481			888.7150616443873
482			887.8537083588061
483			885.8358169834589
484			882.8281501963186
485			879.2304049815492
486			875.8493789037572
487			873.5328858545956
488			873.0377745420876
489			874.6890782367554
490			878.6838297627548
491			885.1682382982331
492			893.5199180153742
493			902.5204795254476
494			910.9389654259201
495			917.9047761323224
496			923.2447366181796
497			926.8654614563478
498			928.7311733603985
499			929.1127885180668
500			928.3828807263524
501			926.9158626927374
502			925.1175110572553
503			923.4204883704718
504			922.2572943195
505			921.8730273851531
506			922.1092416297239
507			922.755078248009
508			923.5715936722434
509			924.1513672976025
510			924.0244411579649
511			922.7287469912822
512			919.9700309486417
513			915.6134063204728
514			909.5311613724515
515			901.8632411401633
516			893.3935831019666
517			885.0010112488288
518			877.5082034555603
519			871.3565805560617
520			866.8290322275419
521			864.1901932350771
522			863.2555672087728
523			863.3673780838176
524			863.8454942164059
525			864.1412692628057
526			864.0608010458024
527			863.4694154872107
528			862.2680117816649
529			860.6321392681695
530			858.8651957177773
531			857.2623689579535
532			855.8413242522781
533			854.2948640909271
534			852.2973944130376
535			849.6325045274394
536			846.4150167759824
537			842.8223309088262
538			839.0386607079275
539			835.30829727247
540			831.9067945832729
541			829.1073726713398
542			827.0817163550236
543			825.8693980620188
544			825.5011359938925
545			825.9811539130258
546			827.2231404339187
547			829.1214622932861
548			831.5681166134044
549			834.4311404079313
550			837.5646610716848
551			840.8229085711386
552			844.0738422004847
553			847.205279945684
554			850.1065920558017
555			852.6634016134238
556			854.7469043014742
557			856.2248240534337
558			856.9816536868939
559			857.0971488324976
560			856.7771954026338
561			856.2297982680332
562			855.6636150412547
563			855.2883524701368
564			855.3138120662235
565			855.8325582192894
566			856.4292856375603
567			856.5511970796098
568			855.6826775202626
569			853.8087130777396
570			851.2729750699018
571			848.4269783313828
572			845.6253756856964
573			843.2284185993865
574			841.5969375999837
575			840.974026583286
576			841.0302996973819
577			841.2626224599542
578			841.1946833965144
579			840.7697815514359
580			840.2635153529944
581			839.9588046372994
582			839.9086223463687
583			839.7113143102036
584			838.9118533207738
585			837.102927973426
586			834.1369185048001
587			829.9541248089505
588			824.5064204755753
589			817.9548170559701
590			810.6426338383116
591			802.9201674165871
592			795.306166125052
593			788.6875185515056
594			783.9997534803008
595			782.0420496608087
596			782.7857219153507
597			785.8913198895111
598			791.011295846923
599			797.638139192874
600			805.111553658292
601			812.7654263634155
602			820.0229973164624
603			826.5226260010619
604			831.9343896534282
605			835.960690723055
606			838.5220155955651
607			839.629005403764
608			839.2948448191977
609			837.5886198595514
610			834.637617972938
611			830.5719252735408
612			825.5642868174954
613			819.9000890601808
614			813.8830948337194
615			807.7967645533694
616			801.7730922132374
617			795.8756248979123
618			790.1663081442991
619			784.6704996390094
620			779.3722730151388
621			774.2534509176717
622			769.254659730202
623			764.1978775050928
624			758.8838511576614
625			753.1419955943431
626			747.0368617189663
627			740.7482335674885
628			734.4574663223798
629			728.3721248082948
630			722.7316179337188
631			717.7772621216212
632			713.7225353774404
633			710.6940505927832
634			708.8015252143739
635			708.1293083361612
636			708.5345986951746
637			709.7548886229745
638			711.5283140881255
639			713.6597733321917
640			716.0408775115678
641			718.5690204110616
642			721.07685984384
643			723.1799384559531
644			724.4483330847588
645			724.4972335310155
646			723.3791203592094
647			721.3920677363939
648			718.8357577889669
649			715.9601158816589
650			712.9465340172699
651			709.9714082329607
652			707.1787881164771
653			704.5971837790258
654			702.2293186325427
655			700.0943108953231
656			698.3816151076464
657			697.3816699173324
658			697.3850080548119
659			698.6203266801222
660			701.2268015832534
661			705.3366015575791
662			710.9941813674022
663			717.9137482661938
664			725.73180051221
665			734.0729454869709
666			742.4308969905662
667			750.2182799209884
668			756.8526441623534
669			762.0930009119348
670			766.2129073737046
671			769.5285060512689
672			772.3186599520656
673			774.7159664725192
674			776.8171561113174
675			778.7189292768003
676			780.517640061417
677			782.3094207714952
678			784.1891581199899
679			786.1769842867216
680			788.1770258316702
681			790.0834144135925
682			791.7280221481823
683			792.691312202076
684			792.4902971790655
685			790.6664130294514
686			787.0506350479511
687			781.6634407836458
688			774.5315930811502
689			765.8716159430913
690			756.1997997077182
691			746.0588912876822
692			736.0129704174345
693			726.7135996901752
694			718.8347638001057
695			712.9984601379028
696			709.202223270216
697			707.0309491210573
698			706.0628467690364
699			705.9173304128485
700			706.2792564326187
701			706.8392987437687
702			707.3601305310013
703			707.9000260097954
704			708.5931105652953
705			709.5746757104696
706			710.9939548587022
707			713.0093630563822
708			715.7768468219388
709			719.2873187799543
710			723.2716467335074
711			727.4378257586905
712			731.4081314827534
713			734.4578064819135
714			735.7742836975452
715			734.5532936052962
716			730.0874758323446
717			721.7322065015863
718			708.8568446754737
719			691.5950421130769
720			671.258614317878
721			649.2599694558855
722			626.9700713324294
723			605.5970706139811
724			586.3091425540972
725			570.1913386622675
726			557.3986472988047
727			547.5027923780455
728			540.067497546881
729			534.7098637281283
730			531.1263091303152
731			529.0196920608213
732			528.2462575159568
733			529.23714015503
734			532.5581344779768
735			538.7002881176584
736			547.3690956155817
737			557.8002163149683
738			569.2251150681367
739			580.9756815626545
740			592.525459864686
741			603.3586859647362
742			613.0724592029597
743			621.6603758802482
744			629.2030544955363
745			635.7827059253037
746			641.4969531798446
747			646.4520648441644
748			650.7517446279372
749			654.3928830558265
750			657.2316244982961
751			659.1145266057133
752			659.9650553036041
753			659.9553581325342
754			659.3077536968428
755			658.1896505742882
756			656.2884370594535
757			653.0434492160499
758			647.8847260043201
759			640.0014886622716
760			628.2914176222959
761			611.6352338280187
762			589.5080286976737
763			563.1215445587555
764			534.0030125142846
765			503.8032278577339
766			475.13019478961223
767			451.03878143221897
768			434.5260058679193
769			426.94966774986824
770			427.87563406196557
771			436.77764022320656
772			452.59193275339493
773			472.86144155033463
774			494.9062789524626
775			516.2362030522357
776			535.638566192438
777			552.4281794450069
778			565.9478331822384
779			576.1129812911139
780			583.3941547639336
781			588.2846075064119
782			591.260117328313
783			592.7569871587679
784			593.2061029861869
785			592.9843740686051
786			592.1584051662497
787			590.6841300257869
788			588.5194583944775
789			585.6586818007542
790			582.1267594797052
791			577.9501637631025
792			573.221339617549
793			568.1603023874666
794			563.0016468220759
795			557.96994412101
796			553.2415469414273
797			548.978326762147
798			545.3323208387853
799			542.322879577607
800			539.8741175687021
801			537.9077586845447
802			536.3243586648273
803			534.9900432422077
804			533.7677787281949
805			532.570177066996
806			531.5054536099628
807			530.7299909189848
808			530.3748948459458
809			530.3063076589209
810			530.2322103111288
811			529.8574934134499
812			528.846172017383
813			526.8073365725771
814			523.3462239738166
815			518.0848516321514
816			510.69817479817283
817			500.87156208783836
818			488.408251818145
819			474.06225121333284
820			459.0469932111957
821			444.5670903824029
822			431.5090323123184
823			420.4129054790293
824			411.8007889566225
825			406.0019503036269
826			402.86761186618276
827			402.1761805014007
828			403.6597601040519
829			406.76631477350037
830			410.83608923223
831			415.23033301508394
832			419.68995740885606
833			424.2836876675286
834			429.0906684000345
835			434.14944154523755
836			439.42066157928286
837			444.8561679700632
838			450.45753526061833
839			456.4549034473595
840			463.14403092613213
841			470.79231572296743
842			479.3218746012723
843			488.4244610476059
844			497.788767998146
845			507.1619137150003
846			516.3764043378208
847			525.2715181693079
848			533.6853852859473
849			541.4522715403548
850			548.4056307568273
851			554.396613997513
852			559.4247764319675
853			563.5637641084442
854			566.8854406182531
855			569.3983824730444
856			571.0419526681974
857			571.7526542053989
858			571.674535892024
859			571.4538094114046
860			571.8111370971083
861			573.3570524367715
862			576.0647180990084
863			579.6785355111426
864			583.9466823492429
865			588.6818712261075
866			593.748401621947
867			599.0103881518656
868			604.2003057433083
869			608.8241644553375
870			612.3656144630116
871			614.5103263442855
872			615.7412210142459
873			616.7378603509835
874			618.1346711977142
875			620.1246887430063
876			622.6513152683854
877			625.652787781652
878			628.9899888463863
879			632.4304027361201
880			635.7360401517235
881			638.7229530296026
882			641.349648899139
883			643.5978332488826
884			645.445745914059
885			646.8501521087496
886			647.7596023729399
887			648.1293760191181
888			648.0279810592262
889			647.6178412228569
890			647.0634614444671
891			646.4647620171736
892			645.8087360622233
893			645.0709922698159
894			644.1081627281304
895			642.3103693043009
896			638.9534091598127
897			633.349581749465
898			625.1556833315067
899			614.2179247358939
900			600.3919204243264
901			583.7564626420766
902			564.646943106946
903			543.414006457215
904			520.7672284030513
905			498.29185467664445
906			477.7041567038053
907			460.49122766286166
908			446.86749928423427
909			436.60817300613223
910			429.4625391134024
911			424.8210962226245
912			421.8093179376677
913			419.54737749139736
914			417.20659753249106
915			414.0359296953272
916			409.29091373689164
917			402.6125414443588
918			394.90005424771255
919			387.3090202470359
920			380.8926792459571
921			375.93865933722816
922			372.38774936904383
923			370.186049576103
924			369.42341427049905
925			370.3241631783263
926			373.11496932854664
927			377.70239979671544
928			383.3820298377019
929			389.3807064768875
930			394.83601614928074
931			398.51583592042846
932			399.09233721690833
933			395.3258323507234
934			386.8205756074942
935			373.65021052463226
936			355.9097561623441
937			334.15921792942663
938			309.47951183979563
939			282.97953905599945
940			255.86836908057086
941			229.58327210377095
942			205.59313907388972
943			185.1659150253965
944			168.57739184046375
945			155.79768996003813
946			146.79684419715298
947			141.54488936484165
948			140.01186027613753
949			nan
950			nan
