Nom de l'instrument : SAM_839E
Fichier_calib_utilise: /Users/mdlemineahmedou/Documents/Stage/pipeline_LOG/data/calibration/ALL_2023/Cal_SAM_839e.dat
Date : 2017-07-05
Heure : 15:48:34
InclX : -7
InclY : 12.24
Pressure : +INF
Comment : 
Mission : VITEL

l_onde		data
310			nan
311			nan
312			nan
313			nan
314			nan
315			nan
316			nan
317			0.4894900052855053
318			0.4874832586312623
319			0.5157221041278206
320			0.5609208114711521
321			0.6097936503572294
322			0.6490548904820245
323			0.6654188015415095
324			0.6465834810755188
325			0.6005491270123956
326			0.5544042139431647
327			0.535916340125616
328			0.558985987029773
329			0.6061732492069151
330			0.6557348066994387
331			0.6881417911234259
332			0.6971405573070809
333			0.6814020044001059
334			0.6403186545932443
335			0.5871641996927209
336			0.5478184127444442
337			0.5485362621278542
338			0.599468743465741
339			0.6755015046099629
340			0.7468499123327085
341			0.7893463383887118
342			0.8115472779751731
343			0.8338277299894256
344			0.8753727576536319
345			0.9326394701017393
346			0.9818342556650459
347			0.9985443378148456
348			0.9746784940728822
349			0.9373567424756426
350			0.9182821874071883
351			0.9427774688923014
352			0.9993861521931908
353			1.0635011291106624
354			1.1113251099621249
355			1.13452856546959
356			1.1385070300857674
357			1.129151012507125
358			1.1157827098992472
359			1.1151330367353172
360			1.1448980374601057
361			1.2178505102400174
362			1.3182028308416718
363			1.4198938926155045
364			1.4979936438644035
365			1.5493559420566374
366			1.5903594412614088
367			1.6380243080137824
368			1.6996484181169809
369			1.7612098427225946
370			1.8058587164979287
371			1.8209964277558688
372			1.819248019950172
373			1.8225055791833364
374			1.8517478648786125
375			1.9095916676164086
376			1.9818053263964317
377			2.053542573230127
378			2.112102723512831
379			2.14963238678312
380			2.1589434779863605
381			2.1369724466173126
382			2.1060735983594525
383			2.098275229847234
384			2.1441261204508892
385			2.242620991468624
386			2.362736776324635
387			2.4723090870508186
388			2.552913636944031
389			2.618543343670699
390			2.687864003573876
391			2.7773810913585066
392			2.889566017753527
393			3.021283820276555
394			3.1696256759378114
395			3.337203072940884
396			3.5321372612141078
397			3.7627706338412845
398			4.030846344532516
399			4.321634762095809
400			4.617878395603337
401			4.902690573712703
402			5.161760657779632
403			5.381871206779144
404			5.550579524732214
405			5.675140041347472
406			5.783664762467561
407			5.90524994162351
408			6.058134743969341
409			6.231523643263292
410			6.409819177068326
411			6.578908640216898
412			6.735864963608198
413			6.88285882989195
414			7.022073791452187
415			7.155312103214292
416			7.283943141041715
417			7.409311915873067
418			7.531742575776809
419			7.648598921189027
420			7.756711202102416
421			7.853114490824834
422			7.9365407565593715
423			8.00656060251691
424			8.062893573703386
425			8.110184935354077
426			8.15913471786181
427			8.22081459878724
428			8.305819004746102
429			8.4232242047021
430			8.581805271145702
431			8.7889760140426
432			9.039571781227757
433			9.321628116474992
434			9.623181234991964
435			9.935090558946726
436			10.252008199741752
437			10.568852870177722
438			10.882488560459137
439			11.196641882885995
440			11.516552028697678
441			11.847054322826411
442			12.18876048139281
443			12.539765611976776
444			12.898098110025854
445			13.26001780867249
446			13.619164775165244
447			13.968967346991338
448			14.304138738228398
449			14.62446937009707
450			14.931003579132186
451			15.224624060056069
452			15.50427036335113
453			15.767597294771617
454			16.012304404210674
455			16.240899437210885
456			16.463810976247842
457			16.69220677878131
458			16.93408171872667
459			17.183266553442884
460			17.429641128870216
461			17.663369216090945
462			17.878607414709116
463			18.072459120630903
464			18.24216339548214
465			18.39175292846106
466			18.537810048169845
467			18.69827289037112
468			18.8877228103742
469			19.1036749410367
470			19.33823419702158
471			19.583886625499478
472			19.83953726203519
473			20.109407235184484
474			20.397828703929434
475			20.70127404962249
476			20.999802847353
477			21.271418196251016
478			21.496747256391366
479			21.67173633966789
480			21.797875120722036
481			21.877055170458437
482			21.91920935446754
483			21.94177964330577
484			21.962496697219095
485			21.999385727716405
486			22.071172738248237
487			22.19668570305053
488			22.391068767068933
489			22.64455761928687
490			22.93707031708904
491			23.24850453100598
492			23.55908082236509
493			23.849361236584926
494			24.09993626769578
495			24.29944030280849
496			24.45847784278932
497			24.591369958294457
498			24.712037454847927
499			24.831237295696486
500			24.95822373883184
501			25.10212155222081
502			25.26809504172896
503			25.45654513560097
504			25.667588193810296
505			25.89660760953646
506			26.124042480348376
507			26.327389568291924
508			26.486145675131255
509			26.598479327707352
510			26.67273644503357
511			26.717356506638346
512			26.740385576737008
513			26.749329463004862
514			26.75165487228761
515			26.759471538131077
516			26.80193720549055
517			26.91212139618476
518			27.119471185305837
519			27.413025985236292
520			27.756542383656008
521			28.113623816869854
522			28.462528523272262
523			28.804581220609936
524			29.143132502893067
525			29.480982549620137
526			29.8185724563629
527			30.155711417330096
528			30.49169560108683
529			30.818891581395977
530			31.124689340525777
531			31.39646295365901
532			31.630438705706986
533			31.838872801835798
534			32.035710698385515
535			32.231716935792285
536			32.42170359087651
537			32.595492496392
538			32.74409003314683
539			32.878210842100366
540			33.02480949072242
541			33.211218667838985
542			33.44771527352209
543			33.7089157374227
544			33.964961764467816
545			34.19129266025427
546			34.3945249063378
547			34.59264233206788
548			34.802938855966055
549			35.02800204502227
550			35.256521962143786
551			35.47664819131029
552			35.67781339201723
553			35.852557883398774
554			35.993883257361105
555			36.097931981484024
556			36.18261547694579
557			36.27506432429135
558			36.40159445986367
559			36.56590823378026
560			36.747215389311975
561			36.9235100767807
562			37.08005996160906
563			37.222596364783215
564			37.36042311812882
565			37.501102916544085
566			37.637926088210484
567			37.75719200690921
568			37.84554645309111
569			37.90348646348372
570			37.948691270125586
571			37.999908787031096
572			38.069715450955364
573			38.150483070838376
574			38.230455171370494
575			38.29822203831211
576			38.34575245619099
577			38.36692034977972
578			38.35563632229905
579			38.306541292157334
580			38.2153128667024
581			38.07770754364535
582			37.88713644456015
583			37.628074690709994
584			37.282869538515236
585			36.83630898757285
586			36.301606446044964
587			35.71033890731904
588			35.094363202769394
589			34.483674911390736
590			33.90524955006733
591			33.38578638474016
592			32.94311994372535
593			32.55586888005949
594			32.19181122161309
595			31.820399270070318
596			31.434546712259596
597			31.044444754691682
598			30.66063944496134
599			30.28889667687365
600			29.926129251997196
601			29.568290444013503
602			29.21417578532564
603			28.877132011703647
604			28.57515006777474
605			28.325180874943495
606			28.12649129444642
607			27.96357881298112
608			27.820502474140735
609			27.68377346728433
610			27.545076521706694
611			27.396752476244465
612			27.234235206329984
613			27.071226864035452
614			26.92811269983019
615			26.82434402691215
616			26.75982387195646
617			26.716037310552263
618			26.673771536074838
619			26.619735875667935
620			26.554834911561272
621			26.482056003076508
622			26.40320020809642
623			26.312011250285547
624			26.198881838831475
625			26.05475368073422
626			25.88482964697583
627			25.709386614468944
628			25.549415474659515
629			25.420385699433343
630			25.32278496554023
631			25.25458428298327
632			25.21299351190274
633			25.18929852579364
634			25.172008527157615
635			25.149766509472563
636			25.11593974947689
637			25.06946458133395
638			25.00959662424311
639			24.934155241179756
640			24.836569414484913
641			24.709432139417977
642			24.54698223736343
643			24.358076111971002
644			24.15922260942617
645			23.966634113262934
646			23.7822112066116
647			23.589159121742036
648			23.369423889434174
649			23.11101437037998
650			22.822688451544504
651			22.51763906773342
652			22.208638869523206
653			21.904222250789005
654			21.61046829814816
655			21.33347501742413
656			21.081757134128562
657			20.867303273896038
658			20.702371186674192
659			20.592877184601775
660			20.5206291465257
661			20.46170673956508
662			20.39359658223923
663			20.309793555344577
664			20.213957781607633
665			20.109913237001404
666			20.001582804735413
667			19.893044611356842
668			19.788390366677977
669			19.691026246531116
670			19.601490504485348
671			19.51957153776376
672			19.44487865254355
673			19.374740081200706
674			19.304911946988753
675			19.231130754718897
676			19.1500285782407
677			19.059759287498032
678			18.95862463293496
679			18.842282144829575
680			18.694344592555904
681			18.494997043933463
682			18.226486108898655
683			17.900170912731102
684			17.548964577815198
685			17.20616052759235
686			16.892734035619327
687			16.60721373489411
688			16.345744126094484
689			16.10462178497053
690			15.88088905239264
691			15.671816505935475
692			15.474550185541295
693			15.284309011283778
694			15.094795615522933
695			14.899674748545648
696			14.692976157941706
697			14.4694354041538
698			14.223868714721412
699			13.953984101245357
700			13.672571355731954
701			13.397321081249386
702			13.144234348411741
703			12.901052796108994
704			12.632154756756357
705			12.301395604475012
706			11.898088613539503
707			11.463190751191476
708			11.043911639726735
709			10.675169476090574
710			10.324600085461665
711			9.936934595352426
712			9.459787697419964
713			8.892240404346811
714			8.277550245206037
715			7.6603399025376415
716			7.07393586498429
717			6.527924801833462
718			6.028896451220838
719			5.581787421479981
720			5.182170911068671
721			4.8223272519924425
722			4.495063539606319
723			4.202979639606549
724			3.9572928202079285
725			3.76940746251905
726			3.6315291657376734
727			3.4946258882808516
728			3.304325320827455
729			3.0217213160435255
730			2.6971765058161736
731			2.413011776635401
732			2.2474516459788343
733			2.200876960739616
734			2.2043750825758655
735			2.1867917843888836
736			2.109940205436317
737			2.00696774516681
738			1.920338809335285
739			1.8841820708669887
740			1.8843890574749427
741			1.8895403167715104
742			1.8695840580531735
743			1.8205128902496448
744			1.7614431700499529
745			1.7122714733382978
746			1.688758058328411
747			1.6977840218283007
748			1.745081417530313
749			1.8294880388867765
750			1.9105241075021935
751			1.9337929881221971
752			1.8486224709244246
753			1.672445848191901
754			1.4821187327469163
755			1.3562325344634947
756			1.3315850390241626
757			1.3573869737846738
758			1.3718282936697566
759			1.3261894518495678
760			1.2440140302458664
761			1.1736447926558184
762			1.1609212953032826
763			1.2080922834340557
764			1.2806109013525586
765			1.3429018635467638
766			1.376745586732586
767			1.3988446493398072
768			1.4300888704713501
769			1.4868255628137717
770			1.5615774634368549
771			1.6390833320417713
772			1.7042693789428924
773			1.745124905163545
774			1.752099838164132
775			1.7158701640270464
776			1.6446007566025964
777			1.5796681830752464
778			1.5661616122360988
779			1.6365218612465955
780			1.7613632933748167
781			1.8924384927027624
782			1.983915676027836
783			2.024886026303404
784			2.030679133340138
785			2.0172169161678033
786			1.9963872205332143
787			1.972973683705666
788			1.9510372047578184
789			1.9346309391437737
790			1.927773459778584
791			1.9344736892716514
792			1.9582731657236836
793			1.9967521959291188
794			2.0433786581821356
795			2.0915068707617084
796			2.132381745111913
797			2.1538643347721256
798			2.143510830075165
799			2.0965434226598316
800			2.03882177154626
801			2.003858273879979
802			2.022297466669192
803			2.0931094517415456
804			2.195592756323304
805			2.308682226644476
806			2.407946549603227
807			2.464124216033511
808			2.44758152326011
809			2.3430294650103365
810			2.1853883822951805
811			2.020557699180729
812			1.890397810149913
813			1.798870802964848
814			1.7291976683702854
815			1.6647237245018651
816			1.6009987098038834
817			1.5489479497401573
818			1.5204717235438827
819			1.5188692359381817
820			1.5216181434149558
821			1.5013706038355896
822			1.4350120907156654
823			1.3325685375248162
824			1.2196771852055655
825			1.1218573850744904
826			1.0590277588287416
827			1.0450307558964589
828			1.0933530924086943
829			1.1969657376100455
830			1.2970349101618024
831			1.3266758486755286
832			1.2340041033557672
833			1.0633786912998804
834			0.8971728897029223
835			0.8141719106010835
836			0.8206078920846597
837			0.8563149377578365
838			0.858898045062663
839			0.8006107198844596
840			0.7259635787465036
841			0.6885067029395412
842			0.7285375935748633
843			0.8179558418159122
844			0.906659240266172
845			0.9469957337990834
846			0.9270552524959874
847			0.8619017898649534
848			0.7673524521632262
849			0.6661327938438321
850			0.592658931745844
851			0.5824769175601339
852			0.6538992826998707
853			0.755197896465955
854			0.816853390924643
855			0.7776007565936659
856			0.664520551533217
857			0.5582728209480754
858			0.5387493567560737
859			0.6214883932524089
860			0.7352398658810523
861			0.8026339093899588
862			0.77501113344924
863			0.6934332818308269
864			0.6164401300113549
865			0.5957265740679685
866			0.6291757453549566
867			0.6892302752011183
868			0.7484686997963281
869			0.7867384337992303
870			0.7915456704404352
871			0.7508112134367539
872			0.6661690418842179
873			0.5716126981282063
874			0.5058012456809869
875			0.4959937781764483
876			0.5041477223413737
877			0.46900940628535887
878			0.3348913095985071
879			0.13553935113016205
880			-0.023400896368879265
881			-0.03500985844835826
882			0.14194044002092893
883			0.43327260293786135
884			0.7531048762291372
885			1.021407495621412
886			1.1821888282089057
887			1.185628535140049
888			0.9933904788157129
889			0.6871162890340491
890			0.41987921063151806
891			0.3422807465108058
892			0.47439960862106695
893			0.6681650921729034
894			0.7644741998149504
895			0.6696714283241035
896			0.47851581800875176
897			0.31946674554457927
898			0.29792846093994396
899			0.3592512404128222
900			0.3809032369446192
901			0.2465172636826548
902			-0.03143464234698081
903			-0.3211986680161903
904			-0.48688728249040436
905			-0.44074495276190784
906			-0.19094472858710834
907			0.2429690864396156
908			0.8137014951427269
909			1.3460521766933045
910			1.6279945656658068
911			1.472626745683698
912			0.9856617140211777
913			0.4618347790989516
914			0.19430810850594843
915			0.2694006760945797
916			0.4907464368521462
917			0.6416658484415902
918			0.5854072973217817
919			0.425173064508673
920			0.30900767979312704
921			0.35586099252340636
922			0.47868103765074405
923			0.501502555341781
924			0.25834835413741625
925			-0.2108037286825408
926			-0.6762988239513634
927			-0.902299076972214
928			-0.7601410393988619
929			-0.3287920958480359
930			0.2889970196148606
931			0.9792075226867539
932			1.5787215495252938
933			1.9110514016817592
934			1.8223224417946169
935			1.3976602093895099
936			0.8657535321006149
937			0.45367399700294
938			0.2620836632783231
939			0.23435043818583182
940			0.30402223488278896
941			0.4175015334292139
942			0.555131041801125
943			0.7027900730145498
944			0.8409741257132884
945			0.9178832136580428
946			0.8697299880812903
947			0.6327073081347822
948			0.14300803297026907
949			-0.6631749782604982
950			nan
