Nom de l'instrument : SAM_839E
Fichier_calib_utilise: /Users/mdlemineahmedou/Documents/Stage/pipeline_LOG/data/calibration/ALL_2023/Cal_SAM_839e.dat
Date : 2017-07-06
Heure : 13:49:12
InclX : -8
InclY : 6.8
Pressure : +INF
Comment : 
Mission : VITEL

l_onde		data
310			nan
311			nan
312			nan
313			nan
314			nan
315			nan
316			nan
317			0.32126784808569714
318			0.43401281304767486
319			0.5142158461005045
320			0.5641346733995585
321			0.586027021100209
322			0.5821506153578284
323			0.5547631823277891
324			0.506612493234735
325			0.45055880417891214
326			0.40897025001984605
327			0.40451996773414484
328			0.4454904504550097
329			0.5076406067115139
330			0.5622634631586768
331			0.5853775153213054
332			0.5813295612140119
333			0.5649749966304969
334			0.5510170123844829
335			0.5508615889764666
336			0.572920369814018
337			0.6254511081047683
338			0.7079044708879803
339			0.8004448930868173
340			0.8806826840977364
341			0.9293028302747512
342			0.9449030861850873
343			0.9325505047342348
344			0.8977067230925816
345			0.8531043669945709
346			0.8179545493626412
347			0.8116313534901318
348			0.8418696808165143
349			0.8912946895310423
350			0.9392632598583507
351			0.9682642071848099
352			0.9788398412788046
353			0.9779876535843857
354			0.9728145362394192
355			0.9723231541727133
356			0.9871983552338085
357			1.028137057543344
358			1.0973462737158137
359			1.178704047862499
360			1.253700718353418
361			1.306533608360079
362			1.3371036286847986
363			1.350960434715595
364			1.3537419944009754
365			1.3526255136914085
366			1.3561678089957336
367			1.3729451650182656
368			1.4057724924558606
369			1.4448307074302396
370			1.4786249070401487
371			1.4977792012286342
372			1.5054902852699519
373			1.5095739583635646
374			1.5176612394174367
375			1.5335847470616337
376			1.557691789406741
377			1.5901871109152048
378			1.6282559026331642
379			1.6622615915588108
380			1.6816312974701006
381			1.6781021270423575
382			1.6576467119663851
383			1.6316556994870812
384			1.6113034732276996
385			1.6029875186167182
386			1.6085609953930573
387			1.629689031532856
388			1.6658911591428978
389			1.7116247773478115
390			1.7606175883803898
391			1.8076779280181905
392			1.8546342349874787
393			1.906119361417483
394			1.9668965653645605
395			2.0445495816834742
396			2.149477232017585
397			2.2921751397934464
398			2.473693808521134
399			2.671507171753474
400			2.859471179669002
401			3.013962551684496
402			3.1288694446845735
403			3.2055113892954457
404			3.2456194834420757
405			3.2607527982222497
406			3.2728773900952572
407			3.3044418677033174
408			3.367558831671105
409			3.4466996962727197
410			3.5217644060391264
411			3.575381061369723
412			3.6107307239490964
413			3.6403612803563083
414			3.676591347654146
415			3.723643196840432
416			3.776547485881458
417			3.8298385370314363
418			3.878797287495665
419			3.9208697447032623
420			3.9538921318016826
421			3.9757532589813893
422			3.9847776057100823
423			3.9795049662887103
424			3.9586472955825887
425			3.926794415875368
426			3.8957613074353987
427			3.877805594340317
428			3.882295090890654
429			3.909404990873648
430			3.957486708527275
431			4.024561453727503
432			4.105599251889329
433			4.1939206854137066
434			4.282949366240907
435			4.371111154107615
436			4.46355191604415
437			4.565889498858289
438			4.681167416945838
439			4.803347358914309
440			4.9243893034959605
441			5.036938393915838
442			5.140805181203053
443			5.240069675818609
444			5.338843105518051
445			5.43987194444429
446			5.543881061437567
447			5.651431938838017
448			5.761946053962493
449			5.870340138932467
450			5.970418391196731
451			6.056520233138623
452			6.129419185055016
453			6.194142786684702
454			6.2557761202454225
455			6.318114569691162
456			6.382828919565898
457			6.451391686131027
458			6.524694063436494
459			6.601032156413829
460			6.677978200829163
461			6.752931872820022
462			6.8208680770538725
463			6.874972182894398
464			6.908464051184513
465			6.92231669254616
466			6.9318252500606885
467			6.953832166227061
468			7.001677247407866
469			7.070892531986108
470			7.15136476041187
471			7.233242708458827
472			7.3111012887312254
473			7.383181062302698
474			7.447852798333693
475			7.506631380272174
476			7.567597238468551
477			7.639653446832676
478			7.728090861190531
479			7.817112367845155
480			7.883289995591518
481			7.904326931842123
482			7.881211286990054
483			7.836675049450376
484			7.794260083225793
485			7.770819923583377
486			7.767295334496627
487			7.7823116455140315
488			7.814056623148886
489			7.857759422444175
490			7.907423676345463
491			7.957076104944583
492			8.001432114427672
493			8.03593545427011
494			8.056067852902979
495			8.059329602737336
496			8.048734256967105
497			8.028228018416424
498			8.001529545192971
499			7.9705588985843905
500			7.9363818745084735
501			7.900062525323892
502			7.862777805027145
503			7.825840458116231
504			7.790571057726458
505			7.757711779662753
506			7.726178515908034
507			7.694527587147616
508			7.660878569296817
509			7.619273730105874
510			7.5615329200586405
511			7.4796661453369255
512			7.375075166468732
513			7.26205894584276
514			7.155852208109745
515			7.069713641140898
516			7.009646429072776
517			6.97998893362012
518			6.9841847925993426
519			7.0156971791766916
520			7.061744551499534
521			7.1095443454977625
522			7.152236146264339
523			7.192280929284007
524			7.232958346496173
525			7.2764645219927155
526			7.320351565082496
527			7.360927644900012
528			7.394729616366303
529			7.421383498115925
530			7.4427338376153696
531			7.4606578113110205
532			7.47551606974638
533			7.484923080304713
534			7.486203914473759
535			7.477270602989433
536			7.458978808652516
537			7.433105020212661
538			7.401359267979234
539			7.364342221507724
540			7.321740419071714
541			7.273226906118033
542			7.220684796026967
543			7.170618041666584
544			7.130110425179688
545			7.104491824556087
546			7.08877012830355
547			7.074189778089143
548			7.052241725102273
549			7.019662561842416
550			6.978146012519514
551			6.9295852169101195
552			6.877521830397448
553			6.8294902783549425
554			6.793617636669789
555			6.776020199011726
556			6.7688778192366446
557			6.758468264126406
558			6.7314926739043495
559			6.686511032660735
560			6.634927549970137
561			6.588782689660583
562			6.555288822954089
563			6.528074734216721
564			6.498397807888924
565			6.458378389966756
566			6.407210654811243
567			6.347553710982192
568			6.282115824489406
569			6.214497929369762
570			6.149408295780622
571			6.091623452988509
572			6.043053035795757
573			5.996220832925915
574			5.941732882333209
575			5.870939148702675
576			5.78243768700512
577			5.6789137605994595
578			5.563102587880239
579			5.437930885368782
580			5.3065972028897885
581			5.172320772065299
582			5.036653620531425
583			4.894795645406545
584			4.74043415711079
585			4.567929637974258
586			4.379482472025392
587			4.18235783251688
588			3.983911274746265
589			3.791884055629453
590			3.6146432702848106
591			3.460613260465849
592			3.3347138632915185
593			3.226361668917209
594			3.12068763347913
595			3.0038579990366743
596			2.876545178714787
597			2.7501042735769174
598			2.6360843204290036
599			2.540468320078435
600			2.458930686568589
601			2.3860285546677704
602			2.316964347101127
603			2.2502440972817466
604			2.1854282296329033
605			2.12230916984817
606			2.0646087446655357
607			2.01933053824675
608			1.9935458767750533
609			1.9888402421913027
610			1.9952250759921226
611			2.00124399716427
612			1.9969342144148754
613			1.9811544648598929
614			1.9559906724776162
615			1.9236457432146197
616			1.8886456641991094
617			1.857705176827973
618			1.8376100669000899
619			1.8308676508926058
620			1.8297298262438948
621			1.824943779718717
622			1.808627697113106
623			1.782211560572179
624			1.7509980927191575
625			1.7202449374137345
626			1.6937389028959677
627			1.6737121287350245
628			1.6623176853645754
629			1.658822639499061
630			1.6546631882708505
631			1.6399600863772847
632			1.606963046299259
633			1.5644913394096662
634			1.5291306647090412
635			1.517053489092038
636			1.52998719381469
637			1.552631072062782
638			1.5687082663244647
639			1.5665144372985507
640			1.5483226231649898
641			1.5190673413653804
642			1.4839405396757293
643			1.4504205611561165
644			1.4271826984173688
645			1.422680459055459
646			1.436223530654606
647			1.4551771271127971
648			1.4661018381924726
649			1.4584515269599359
650			1.4315818028059133
651			1.3869647464232795
652			1.326752256343447
653			1.2599516929726446
654			1.199541923514152
655			1.1583736808731
656			1.1405734668555778
657			1.1377271863437244
658			1.140449119451393
659			1.1406264095054892
660			1.1349852818812622
661			1.1214017374787932
662			1.0986226574899196
663			1.0753037800297485
664			1.0663929645024826
665			1.0867146150161207
666			1.1371937842316358
667			1.196939308067841
668			1.24315117752643
669			1.258496476156926
670			1.248513796274764
671			1.224721789770465
672			1.1983544398892592
673			1.1770196275605884
674			1.1658261350321424
675			1.1697489180817617
676			1.187186298143773
677			1.2053612477634137
678			1.210410775216808
679			1.1925054963410058
680			1.1601896250862624
681			1.127236139287522
682			1.1065368212279065
683			1.0985356652680571
684			1.0944607123657988
685			1.0853489511810934
686			1.0647416270763048
687			1.0307433452196069
688			0.9819434003955722
689			0.9191342815838307
690			0.8539127822374408
691			0.8011822849450525
692			0.7747530557198004
693			0.771515107878647
694			0.7750453382618143
695			0.7686210546916269
696			0.7426576361004286
697			0.701373693100493
698			0.6505654026818715
699			0.596769363156278
700			0.5503837584670063
701			0.5230615913566372
702			0.5254105164908018
703			0.5505692662494579
704			0.5772342519804554
705			0.5837521573016841
706			0.5604406957154522
707			0.5219019163576615
708			0.48567804489328975
709			0.46594872795382203
710			0.4584870981844324
711			0.45280022437320105
712			0.4387799036294283
713			0.41323226707445065
714			0.37889841813239955
715			0.33872573138795253
716			0.29789025013683834
717			0.26625173619836945
718			0.2542612272452912
719			0.2692508770066507
720			0.3008873245722517
721			0.33262470938820293
722			0.34844280086430784
723			0.34215271454359364
724			0.31621691425737936
725			0.273415381739647
726			0.2205183744115235
727			0.17286698279004534
728			0.1469122188767207
729			0.1546657824143404
730			0.1825162103826573
731			0.20767893841000254
732			0.20826717569874248
733			0.1795064295373286
734			0.13185492640463944
735			0.07630788888231524
736			0.024802231340229592
737			-0.008687514217521336
738			-0.009920681445544427
739			0.030394375351373487
740			0.09291035282353297
741			0.14800221922667445
742			0.16745968330988067
743			0.14982847133845908
744			0.11740987349172069
745			0.09327751053079945
746			0.09102886797047012
747			0.10391963433162417
748			0.12257308717560542
749			0.13867872196340914
750			0.15000661385791728
751			0.15647912142490467
752			0.15811937969491896
753			0.15673981499924278
754			0.15571401742133073
755			0.15845456967644397
756			0.1662052997836171
757			0.17566496823664454
758			0.18296044561959876
759			0.1841774269967543
760			0.1751743073073052
761			0.1517314768809085
762			0.11029710268791659
763			0.058846566755652474
764			0.015085531316942716
765			-0.0030549819843425276
766			0.011336458877383066
767			0.04299829139161499
768			0.07401036434628011
769			0.08867330658683673
770			0.08293531276476196
771			0.056550076109632655
772			0.010196634578248823
773			-0.040704355487765624
774			-0.06889007590123847
775			-0.04697704172066928
776			0.028519168949876265
777			0.11569825352436428
778			0.16758653362308157
779			0.1493051096911852
780			0.08509561481404003
781			0.017235949108378196
782			-0.014357396045918094
783			-0.003905557763852696
784			0.02872196176106319
785			0.06309346916400281
786			0.08418383150694189
787			0.08648914408057355
788			0.06547413300076084
789			0.021621016720890736
790			-0.02218016450817437
791			-0.03678643657954538
792			0.003945033486343611
793			0.08788836148777507
794			0.17651751950788397
795			0.23112666127944478
796			0.2356840814202815
797			0.21053136660207983
798			0.1792870964339322
799			0.1607347020644384
800			0.15433375891488108
801			0.15471705938255764
802			0.15644156668314824
803			0.1532267392786399
804			0.13827189889780367
805			0.10501091011210137
806			0.05879041895729588
807			0.022051054394541254
808			0.01855380170930716
809			0.062041103538432216
810			0.13118847095005248
811			0.19700346521791604
812			0.2324352569187013
813			0.22865118101225623
814			0.18678906316486601
815			0.10845073805147658
816			0.008397829635051327
817			-0.08202884138459382
818			-0.13044010697707123
819			-0.11800471355514215
820			-0.0665940361738903
821			-0.005685906209809583
822			0.037750522611923056
823			0.05638524895456353
824			0.05213958684837924
825			0.02716083173359672
826			-0.011806279814820068
827			-0.053029296008088214
828			-0.08453991326709735
829			-0.10005596499924792
830			-0.10765347054585012
831			-0.11763985596675945
832			-0.13793942001991344
833			-0.1611860835159774
834			-0.17397437131444038
835			-0.16354708096074203
836			-0.1302154220950216
837			-0.08625035781444827
838			-0.04436033633640523
839			-0.016724505852510608
840			-0.014418195306723149
841			-0.04837864432402969
842			-0.1213968921317596
843			-0.19422061178467537
844			-0.2140732374533881
845			-0.13309485861508424
846			0.02506348571922683
847			0.18278226885630824
848			0.26171055627989803
849			0.22936485000696472
850			0.13087910145610526
851			0.01888926736357986
852			-0.06299802573647853
853			-0.1078732541418857
854			-0.11814843456166621
855			-0.09708570318967713
856			-0.057045921909345335
857			-0.015908113499743026
858			0.008679565169801014
859			0.012123206322913293
860			0.007434083829918223
861			0.008864894151377098
862			0.024863677797969965
863			0.04573874348192019
864			0.05826470843169815
865			0.051764174029707
866			0.035590996528839965
867			0.02856917579589905
868			0.04879007795300885
869			0.09437234616246828
870			0.14239057074049172
871			0.16894719620897858
872			0.158805645053433
873			0.11716701786556506
874			0.05217906872161467
875			-0.026395412495173905
876			-0.0995423368685586
877			-0.1449592949177171
878			-0.14198717976930156
879			-0.09630198331769495
880			-0.03475169422430417
881			0.015364540571887861
882			0.03952894015960456
883			0.0456777102332106
884			0.044024329150666786
885			0.04219003669718558
886			0.03714797287006659
887			0.023137597834970536
888			-0.003996508361382825
889			-0.03164072904250412
890			-0.037197603065665635
891			0.0013624112002388572
892			0.0793376203451125
893			0.15758911468388836
894			0.19472099805345303
895			0.16518930837803109
896			0.08908567230742719
897			-0.00533577831364822
898			-0.0913413187653009
899			-0.15275223908064292
900			-0.1778664242517205
901			-0.15596801272492802
902			-0.09583753567998785
903			-0.024305651290571446
904			0.031211194783404946
905			0.05586915072340193
906			0.05988193895101123
907			0.056433575298172965
908			0.05530080803279376
909			0.05055599737652022
910			0.03174992760003183
911			-0.009319388660802676
912			-0.054680223699919234
913			-0.0694532491283863
914			-0.019328274350298123
915			0.09278504343874726
916			0.21311004395239322
917			0.2842189618572835
918			0.2691456590934108
919			0.19235242727710072
920			0.08978121719204796
921			-0.005100787402604503
922			-0.07634872949309206
923			-0.11558063595472617
924			-0.11510519519202812
925			-0.08039391383480955
926			-0.029040771596096217
927			0.02096459363392376
928			0.05842262997714233
929			0.08528833674527761
930			0.1050235187823644
931			0.11915067620987482
932			0.1207420382669526
933			0.10056879871232292
934			0.05234475643163777
935			0.0008845860727987059
936			-0.010315277536712273
937			0.06106088719970455
938			0.20656859514539302
939			0.35460132106590003
940			0.4296618069658979
941			0.38919115760491435
942			0.27759844387793414
943			0.15347965613188547
944			0.06780312318005129
945			0.025781690692759422
946			0.01564479114576844
947			0.025593816060525517
948			0.04383015695847785
949			0.0585552053610726
950			nan
