Nom de l'instrument : SAM_839E
Fichier_calib_utilise: /Users/mdlemineahmedou/Documents/Stage/pipeline_LOG/data/calibration/ALL_2023/Cal_SAM_839e.dat
Date : 2017-07-05
Heure : 15:39:24
InclX : -7
InclY : 17.68
Pressure : +INF
Comment : 
Mission : VITEL

l_onde		data
310			nan
311			nan
312			nan
313			nan
314			nan
315			nan
316			nan
317			1.1598632025461493
318			0.4163458036832329
319			0.19886547091656095
320			0.3423704050079523
321			0.6818088067192258
322			1.0521288768122008
323			1.288278816048696
324			1.2339436776717945
325			0.9131006841906643
326			0.5192399036431938
327			0.2520281208515748
328			0.22077632268380273
329			0.33058681214254837
330			0.4585215679273946
331			0.4977131339182397
332			0.4376340880010731
333			0.3034950713559351
334			0.12231914169843845
335			-0.044754504874118
336			-0.10560435420788096
337			0.032598645006287584
338			0.3812518260039758
339			0.7734289554795736
340			1.0185879496816928
341			0.9680168784396399
342			0.7167022084411013
343			0.4476434714158531
344			0.3362382319002429
345			0.4123654327971999
346			0.5762461970912193
347			0.7237793406875614
348			0.7899200518261343
349			0.7938816301777682
350			0.765844390335981
351			0.7345409629848393
352			0.7203590572258765
353			0.7407025839138979
354			0.8112257576744225
355			0.9149023316338842
356			1.0057075869298358
357			1.0367874771930778
358			0.9937279073815374
359			0.9321498194379787
360			0.9167975852389852
361			0.9976789715673957
362			1.139312691354406
363			1.2754661514326104
364			1.3428890142265772
365			1.3358604248174948
366			1.3002228835548688
367			1.2835582666811804
368			1.3166409434556912
369			1.3933884583988667
370			1.5028295326541834
371			1.6313187720837277
372			1.749344648160057
373			1.8215664952525905
374			1.8150734867027911
375			1.7452327664280094
376			1.6717100531130538
377			1.6556688201293799
378			1.7260926138847668
379			1.8392642073412815
380			1.9414879780466014
381			1.990494556395855
382			2.0144299974034197
383			2.0682403417126
384			2.204156887294142
385			2.416140911409237
386			2.642720658994654
387			2.820307167813628
388			2.9080358729545037
389			2.918656183526495
390			2.872645861556456
391			2.7945705098338913
392			2.735551507739488
393			2.7573188220696006
394			2.918702696190726
395			3.2114311873649557
396			3.560258400898689
397			3.887121785728942
398			4.145941879525285
399			4.370474260234165
400			4.606725730171448
401			4.891472556368108
402			5.197367745786806
403			5.469852152648741
404			5.656188497802118
405			5.752722417190051
406			5.807774167555897
407			5.872133460904767
408			5.9792235938137805
409			6.116025529971798
410			6.261839313844217
411			6.39673247971057
412			6.50655455862669
413			6.579790174012602
414			6.6059588749753795
415			6.604451623397784
416			6.628571773831596
417			6.733428271545182
418			6.9440290144408765
419			7.198093424262415
420			7.417608714600529
421			7.5341751707298785
422			7.559034749195674
423			7.542789614080102
424			7.535573233348635
425			7.561755231413726
426			7.614035950835193
427			7.6831730705763945
428			7.7657961083283045
429			7.877213176326753
430			8.03643814608379
431			8.259695789674682
432			8.53743878818874
433			8.846187660966935
434			9.1624463882466
435			9.467751534594361
436			9.75040042589356
437			9.999166070934802
438			10.213111065976552
439			10.427597997279403
440			10.685990270559476
441			11.026564753815213
442			11.43440361882016
443			11.862893339945183
444			12.265454394818144
445			12.619792772928466
446			12.93958851732564
447			13.241429098884174
448			13.538355525667242
449			13.829394910199174
450			14.110113360217136
451			14.37658262721384
452			14.630952956456412
453			14.879393498587909
454			15.128086594661621
455			15.379067664237224
456			15.627540647600352
457			15.868071969250474
458			16.09572084370935
459			16.307746356756397
460			16.502021222026823
461			16.676853778693005
462			16.836674432854554
463			16.990431812238764
464			17.147156326035134
465			17.313465614361473
466			17.491520290291884
467			17.68299944954484
468			17.889061461993276
469			18.10821727291986
470			18.33813855900356
471			18.576531719036684
472			18.82169027034687
473			19.07239397147907
474			19.327433533648566
475			19.58500801674325
476			19.842080992947768
477			20.09546123150089
478			20.339664583244005
479			20.5558209427557
480			20.72021638478927
481			20.810485975767083
482			20.83191429978495
483			20.815605555637834
484			20.793642401962288
485			20.795018326613015
486			20.84137710870856
487			20.95329308645692
488			21.146898782992086
489			21.408293094358996
490			21.711134326132107
491			22.029204341245848
492			22.340451074301058
493			22.627228429999953
494			22.872112005325224
495			23.06451693372147
496			23.212539028820977
497			23.32743421769078
498			23.421255851321842
499			23.512360411606874
500			23.622098128893448
501			23.771308936490993
502			23.963448343162785
503			24.181063040287334
504			24.405460122864113
505			24.621101822055735
506			24.822412680100612
507			25.005778687440163
508			25.167143891372366
509			25.298326500694323
510			25.38889585451959
511			25.428748013056612
512			25.4232174071933
513			25.398839169594247
514			25.383686663317956
515			25.40277041815062
516			25.469855020242136
517			25.596124600986265
518			25.79120123181084
519			26.04728252023893
520			26.345663694469952
521			26.66758073340082
522			27.00101392163843
523			27.344558998536474
524			27.697744034623614
525			28.058255505842908
526			28.415886789220266
527			28.758317025866774
528			29.074126940936463
529			29.364075727838717
530			29.63766872795661
531			29.904517865890643
532			30.166158482918384
533			30.409500534050295
534			30.61991273450721
535			30.78730926861414
536			30.924400091691307
537			31.051026124136925
538			31.186364630873825
539			31.33852649892558
540			31.50650374016185
541			31.68901662289304
542			31.8848284676855
543			32.09279260933605
544			32.3117736777505
545			32.54070503016852
546			32.77892449451611
547			33.025917370670236
548			33.280825572209956
549			33.53563818758855
550			33.77558488459856
551			33.985654962962585
552			34.158611053259136
553			34.3060431007975
554			34.44233560649001
555			34.58014787316662
556			34.72018210604996
557			34.858076675396624
558			34.98971413342747
559			35.117975760906745
560			35.25332310936732
561			35.40658738160633
562			35.58088290071655
563			35.7576129510278
564			35.91439053995304
565			36.03194086391624
566			36.11650021049012
567			36.18680082383681
568			36.261399353795554
569			36.34967617620515
570			36.44962868986952
571			36.55854476911089
572			36.67161998790873
573			36.777199996322
574			36.862230842630744
575			36.91525677195613
576			36.940393287338736
577			36.950536546236044
578			36.95831972050164
579			36.95906315119596
580			36.92351146125199
581			36.82053890174582
582			36.62565782996057
583			36.33967211961867
584			35.969408129534344
585			35.522240380946535
586			35.0119274100247
587			34.456351999806685
588			33.873529531115466
589			33.285807608840926
590			32.722563290676895
591			32.21381663200953
592			31.781070426636155
593			31.408148759482497
594			31.068460016303778
595			30.736113571726364
596			30.395044483709796
597			30.036423676132753
598			29.651698087470734
599			29.243374698928175
600			28.834444263304626
601			28.45011763340002
602			28.111247337172916
603			27.816373060114046
604			27.55691304916338
605			27.324507047099043
606			27.114606295967867
607			26.92584532602763
608			26.75694116371773
609			26.60408415952749
610			26.458133880142725
611			26.309273841003368
612			26.150635564118108
613			25.992762263167574
614			25.852566885058913
615			25.74629905447417
616			25.67627425708545
617			25.63167954961474
618			25.601187686922405
619			25.57262797105955
620			25.531807961872875
621			25.46423858217622
622			25.358229544336467
623			25.221099880017963
624			25.068074524058233
625			24.914175358289576
626			24.768594000873634
627			24.63435949942321
628			24.514204923651125
629			24.410527617498232
630			24.324813968097512
631			24.258397338549425
632			24.211550129293325
633			24.176287327948227
634			24.140753535511617
635			24.0933976127235
636			24.032969825071852
637			23.970363891651267
638			23.91716709037395
639			23.87718626759875
640			23.830444869864767
641			23.752437666891915
642			23.621668901115676
643			23.44337177152689
644			23.236772338614877
645			23.020944617692237
646			22.80414733977692
647			22.580511346394236
648			22.34321564216948
649			22.087795680338086
650			21.81785146729502
651			21.538706785703326
652			21.25582183569764
653			20.97603248707341
654			20.706971562699216
655			20.45620417045916
656			20.22747108873138
657			20.019015834955567
658			19.82865601174201
659			19.65560535187438
660			19.504385297865277
661			19.38077841462157
662			19.2894581846898
663			19.22247897576335
664			19.163882021242554
665			19.097711313648773
666			19.016122726380186
667			18.92400442124927
668			18.82735859208926
669			18.731213677133848
670			18.63652442105171
671			18.54318044725262
672			18.45123726016572
673			18.362863254171934
674			18.28168302097742
675			18.2113072418998
676			18.152016402283238
677			18.09843215045462
678			18.04462623738492
679			17.980860358876793
680			17.88004092234792
681			17.710135362209353
682			17.44261211859114
683			17.09837895620937
684			16.734946971592098
685			16.410381497711025
686			16.15293280791062
687			15.936520944700595
688			15.729295356146551
689			15.506027213749762
690			15.273960140281703
691			15.050275747103534
692			14.850956640398453
693			14.673401187916491
694			14.500385391221142
695			14.314339979057674
696			14.10360333073165
697			13.867937733788104
698			13.608411110130703
699			13.328100805897781
700			13.040564097404316
701			12.762763704908656
702			12.510118065742587
703			12.27222518086077
704			12.017336168722824
705			11.713197481239702
706			11.346994816495041
707			10.945348172133953
708			10.539651973389777
709			10.15426518568116
710			9.775035177170663
711			9.374698950428288
712			8.92720707159301
713			8.428221495980036
714			7.892040318436128
715			7.33358168651129
716			6.770232045885366
717			6.22456516039595
718			5.7198096444988655
719			5.275305240287218
720			4.888364922300819
721			4.548555426808396
722			4.245665595271785
723			3.973742877089117
724			3.7305821942813893
725			3.514090694490539
726			3.3193624861233655
727			3.135449466053712
728			2.9506210657498846
729			2.756114067429799
730			2.5602924358119776
731			2.377651673020972
732			2.222331239789025
733			2.101624574907491
734			2.0167310479040674
735			1.9685995300377264
736			1.9511989633584952
737			1.943395230699499
738			1.9220815961607147
739			1.8692923835956863
740			1.7968121560924517
741			1.7271020165117137
742			1.6815762637776206
743			1.6617772618649875
744			1.651603903686555
745			1.6343964616360074
746			1.6032169462906574
747			1.5719963849121255
748			1.5573664426777138
749			1.5717820184133988
750			1.6038781513238816
751			1.6338585975725113
752			1.6425020076807042
753			1.6212326386468185
754			1.570763081316729
755			1.4921650541798408
756			1.3941989198139262
757			1.301738161667441
758			1.2416837206884053
759			1.2334312371965088
760			1.2549450403836293
761			1.2699711071817088
762			1.2446183708321237
763			1.1860016332321919
764			1.1358493119808915
765			1.1367926845245142
766			1.2062250204128802
767			1.3107570981435268
768			1.4109107686796736
769			1.4742473884489486
770			1.5052491709717233
771			1.5204611308298634
772			1.5360262533345532
773			1.5615596421731461
774			1.6014324563940798
775			1.6597757452576003
776			1.7304475017984267
777			1.787797011722699
778			1.803992760816396
779			1.7622763697290613
780			1.7000160901640113
781			1.671092920371271
782			1.7246459743752163
783			1.841332954988741
784			1.9503599465824508
785			1.980243837359464
786			1.9085050336115983
787			1.7989616323805253
788			1.7242111235964495
789			1.738855011166295
790			1.8171257977603112
791			1.910828904409579
792			1.974695636935978
793			2.0007880725502405
794			2.006921378774292
795			2.011304703958635
796			2.02444207176271
797			2.044477136731194
798			2.0684399659381887
799			2.0928036170897713
800			2.1118150386516437
801			2.1191651334202284
802			2.1101708430414328
803			2.0981080958874223
804			2.107406343515137
805			2.161959209306778
806			2.251093909373648
807			2.3145373563671394
808			2.288185242079335
809			2.1364395882517906
810			1.9234803540638448
811			1.7353055529309704
812			1.6487894720051655
813			1.6551982667694354
814			1.6989462220545668
815			1.724776272105445
816			1.7067364514891015
817			1.6557944606578354
818			1.5852745247618008
819			1.5105043007371015
820			1.4528260092151386
821			1.4347058649664277
822			1.472235331134178
823			1.5316012055167258
824			1.5554819496940662
825			1.488815694918013
826			1.3406904633079264
827			1.1897898144284036
828			1.1181652800735398
829			1.1594312790758086
830			1.2248926419382768
831			1.2068460571607684
832			1.0215967491169646
833			0.73949105747325
834			0.4917185064936399
835			0.40373242169372087
836			0.4849929617400646
837			0.6388073978511193
838			0.7648325532417163
839			0.80435391755976
840			0.78547073640718
841			0.747142776673699
842			0.7227103773707712
843			0.7165114404921807
844			0.7235545511344976
845			0.7383084807812031
846			0.7474653051491451
847			0.7318481174786974
848			0.6725383044909151
849			0.5816117730728982
850			0.5235937445392667
851			0.5680788548630253
852			0.7499754719176539
853			0.9632196523630168
854			1.065938656130339
855			0.9334412652843764
856			0.6249283616982096
857			0.31112701550484967
858			0.16156035368770688
859			0.22853533779956167
860			0.40627922142674694
861			0.5778642143408736
862			0.6603860992435503
863			0.6772653907592141
864			0.6726350817276633
865			0.6852299466257857
866			0.7113460784704111
867			0.7272159042319772
868			0.7096173032840065
869			0.6521562146897658
870			0.5661692884486483
871			0.46388372060773375
872			0.370049880275254
873			0.3389696007206125
874			0.42920537165329165
875			0.6729805237495265
876			0.9516415864174681
877			1.0929068054525215
878			0.9375762160518225
879			0.5366221254929258
880			0.10998399413872353
881			-0.11912024343499521
882			-0.05728528720964485
883			0.16084254837587866
884			0.37748806239075894
885			0.4721930583073836
886			0.47778584295034554
887			0.46644786887189443
888			0.5031269091027107
889			0.5771987218935037
890			0.6330454705603727
891			0.6155719251941967
892			0.5124295363159311
893			0.3663392892711881
894			0.2236566103638701
895			0.13068960566063698
896			0.133610152622018
897			0.2785657624905033
898			0.5897002713461297
899			0.9384029588285955
900			1.131276811681108
901			0.985709509331755
902			0.5405579993505445
903			0.03971964216216728
904			-0.2661412248343369
905			-0.25417621709716987
906			-0.05627815688730513
907			0.16546343050711548
908			0.281328955409181
909			0.3107946339651805
910			0.31629283990030355
911			0.35467730906399475
912			0.4177929554455323
913			0.4554905321774889
914			0.41799241424590033
915			0.30244096969668033
916			0.1701024030128175
917			0.08685390368919381
918			0.10498311803429601
919			0.23598014058778027
920			0.48371087637905535
921			0.836001708561525
922			1.1671128783597753
923			1.302287874964332
924			1.0777697157160049
925			0.5527657017477229
926			-0.008174933515689518
927			-0.3340725256538274
928			-0.3015344501773425
929			-0.0730910102702695
930			0.15597606949182774
931			0.23925996666622257
932			0.24331995823987293
933			0.29270666345822954
934			0.4946059193421705
935			0.7726623340546476
936			0.9402704621330719
937			0.8145522466399956
938			0.3975963770517688
939			-0.07835027211986652
940			-0.36679533515070106
941			-0.3053487211765133
942			0.0463223639404733
943			0.5923269284733906
944			1.232740227405394
945			1.8434405413457418
946			2.291324774560962
947			2.4432750023570695
948			2.1661733000400774
949			1.3269017429159984
950			nan
