Nom de l'instrument : SAM_839E
Fichier_calib_utilise: /Users/mdlemineahmedou/Documents/Stage/pipeline_LOG/data/calibration/ALL_2023/Cal_SAM_839e.dat
Date : 2017-07-01
Heure : 20:22:12
InclX : -5
InclY : 13.6
Pressure : +INF
Comment : 
Mission : VITEL

l_onde		data
310			nan
311			nan
312			nan
313			nan
314			nan
315			nan
316			nan
317			0.26204571420742084
318			0.4276268003894892
319			0.46314952072625176
320			0.40574721992715523
321			0.2925532427016467
322			0.16070093375917285
323			0.047323637809180585
324			-0.01203808077285132
325			-0.014711995744807183
326			0.011070916032005981
327			0.03594076091714381
328			0.0441064130798946
329			0.050465450300398736
330			0.07412938086068042
331			0.12801706475853053
332			0.18792359318853818
333			0.21587271490297413
334			0.1762500419279798
335			0.07983021997099606
336			-0.020484248356843666
337			-0.07041063726930054
338			-0.044837119791898944
339			0.01746812411411608
340			0.0692771201959766
341			0.07223362360347113
342			0.039667220106004236
343			0.0035741277968783965
344			-0.005389297050015215
345			0.017704703390815597
346			0.05485957700479354
347			0.08731383349489533
348			0.10307843326286859
349			0.1047748566212221
350			0.09692628553668356
351			0.08428887398994224
352			0.07296170253200927
353			0.0695240266210399
354			0.08000853116003691
355			0.10020591951683715
356			0.11681884057551627
357			0.11628670529931856
358			0.09460519513820095
359			0.06840114940746504
360			0.05698901824324745
361			0.07473934794845828
362			0.10734242513611268
363			0.13017194727739342
364			0.12001200172793247
365			0.08074802685573489
366			0.04055625117624035
367			0.02838595332083752
368			0.0561745397831053
369			0.0985544443150901
370			0.12520983330969432
371			0.11250533775184668
372			0.0764423050160814
373			0.047584410545051255
374			0.055166707252406154
375			0.10168006532410587
376			0.16507560805896854
377			0.2224272840360935
378			0.2579756427479754
379			0.27215199229164616
380			0.2676098700989559
381			0.2480156792998742
382			0.22327770907113884
383			0.20567989934009157
384			0.20682758903589746
385			0.22393815149386104
386			0.24054150032067848
387			0.23966357411487016
388			0.2151517863871865
389			0.1863848008950344
390			0.1764215628138316
391			0.2032842948080853
392			0.25227523715611005
393			0.29562554587734785
394			0.30678652378055726
395			0.2879620889682481
396			0.2700538277871197
397			0.2851623735147303
398			0.34873390279702526
399			0.43464233429409577
400			0.5103820438191601
401			0.5488169464914561
402			0.5601124090513826
403			0.5702635111689642
404			0.6043740355548384
405			0.6633017667828365
406			0.7222300453427981
407			0.7551298118304421
408			0.7488475243369024
409			0.7246621392492567
410			0.7095472717200937
411			0.72660534898921
412			0.7697746379125003
413			0.8197021048991768
414			0.8574221857668486
415			0.8772749626641446
416			0.8887061408476798
417			0.9019759251459718
418			0.9248531048702302
419			0.957881741854935
420			1.0003037682432874
421			1.0505825787788154
422			1.100731598653676
423			1.1395765733428744
424			1.1562685740147884
425			1.1519442719824444
426			1.142473208224557
427			1.1446274374094652
428			1.1690542165658495
429			1.2069175340075502
430			1.2455159745996782
431			1.2738633889569146
432			1.296823182708023
433			1.3278268890821148
434			1.3801080859615245
435			1.4550700813413582
436			1.5382234279668008
437			1.613962380595356
438			1.6716945738804196
439			1.7185140308428677
440			1.765413001476651
441			1.822596159362932
442			1.8920317527661827
443			1.970780412029459
444			2.0558467354653547
445			2.1447309682024085
446			2.235667555463654
447			2.3269502805802538
448			2.416170663248443
449			2.4981452189576965
450			2.5670051217934957
451			2.6177599771600932
452			2.6559792742611164
453			2.694214359211701
454			2.7450179778517945
455			2.812208258623265
456			2.88521425657609
457			2.9521222339232414
458			3.0046441946230558
459			3.050677870211427
460			3.1026358079313554
461			3.1718860870096224
462			3.255114654001741
463			3.3381717148277383
464			3.406740336367159
465			3.4552365032923658
466			3.494208225188259
467			3.535946343778939
468			3.5902563728063472
469			3.654308158950198
470			3.721265875342048
471			3.784506243862464
472			3.8409923646492006
473			3.890657513067825
474			3.9335470063682467
475			3.973297363697432
476			4.021044260510021
477			4.0888629943103405
478			4.184676013936265
479			4.292161621256124
480			4.386225171519168
481			4.442923689950183
482			4.4620495309593275
483			4.465559524357804
484			4.476232238753206
485			4.508928785921771
486			4.559673183237837
487			4.621748501446109
488			4.68942118942745
489			4.763606872522499
490			4.847975411551254
491			4.9458740200459355
492			5.052199213410854
493			5.152910185211131
494			5.233547505102251
495			5.28649889179738
496			5.322853536318018
497			5.356864260415226
498			5.401133069094533
499			5.45521330688176
500			5.512460698777058
501			5.566463730028867
502			5.619703461323494
503			5.685356345387214
504			5.777230287118558
505			5.900896953917452
506			6.035922175142599
507			6.1567515722105055
508			6.24056659178844
509			6.290089461795661
510			6.321963916928182
511			6.3527880582017024
512			6.390949818887716
513			6.433562541078687
514			6.476921533813916
515			6.519047834763709
516			6.564298917568071
517			6.618486192225189
518			6.6871939511791005
519			6.7734730363592055
520			6.878789125373119
521			7.0045026560775865
522			7.146909910907056
523			7.294336253564281
524			7.434406980142624
525			7.558314347159219
526			7.672538651005945
527			7.787655223916696
528			7.913321860632965
529			8.046802091862839
530			8.176458323395583
531			8.290542634323081
532			8.385350321132858
533			8.471741646281144
534			8.562111744854258
535			8.665178477152384
536			8.7712179734826
537			8.86473742865134
538			8.931446085069215
539			8.977056602499848
540			9.023764781546152
541			9.094181160318003
542			9.198571109764362
543			9.321388560816022
544			9.443848589519197
545			9.551066868677609
546			9.651114669116362
547			9.760432982730391
548			9.894565416697287
549			10.050120985957973
550			10.205815513362417
551			10.339693818569641
552			10.43935197067908
553			10.515519542640936
554			10.582359834611195
555			10.65258095859938
556			10.728805328698613
557			10.809384062451375
558			10.892637010641593
559			10.976459448590761
560			11.058286797098651
561			11.1355340216511
562			11.207723857739083
563			11.280309141883814
564			11.359777977748474
565			11.45103261411612
566			11.545975803835534
567			11.630142828606097
568			11.689485658841646
569			11.726126253614058
570			11.762245106596636
571			11.821269633304459
572			11.91676834921256
573			12.03003299105933
574			12.135760384827757
575			12.21169362965954
576			12.265255713824148
577			12.320606157148742
578			12.401639385069155
579			12.510554582310565
580			12.618754345403874
581			12.69529744715227
582			12.716766614261815
583			12.688411213876208
584			12.622306791991752
585			12.530055736416264
586			12.417749935142194
587			12.287921343759928
588			12.143135630061307
589			11.992309813841338
590			11.854666598178644
591			11.750371367005396
592			11.694793796408831
593			11.682088283617166
594			11.700544588533399
595			11.738440954205235
596			11.78389708509961
597			11.82491593411772
598			11.849585512994647
599			11.854992387346412
600			11.85488891033631
601			11.864833729186724
602			11.895879702815595
603			11.93601189499257
604			11.96585297781144
605			11.96740881302503
606			11.946213118756322
607			11.92744960976525
608			11.93680946689274
609			11.984092156942735
610			12.045568790304818
611			12.093258403384468
612			12.104575781559845
613			12.08880440359935
614			12.066886298112461
615			12.059100601491844
616			12.071637938574288
617			12.097415058943742
618			12.128834036038532
619			12.159044569320729
620			12.182988405262973
621			12.195870225694728
622			12.19335440733613
623			12.174227564857105
624			12.13857483974638
625			12.086773243113806
626			12.026524897619241
627			11.973274546026076
628			11.942828106532977
629			11.944609225924518
630			11.970723924279518
631			12.010369178076468
632			12.054270619591637
633			12.105051323343853
634			12.170910892758547
635			12.259533746519738
636			12.361338342438318
637			12.446389759347708
638			12.483591339887706
639			12.456155108063731
640			12.391032189944953
641			12.323502220523114
642			12.284251222221522
643			12.263166551923769
644			12.228777079322278
645			12.150144019223232
646			12.024656961548327
647			11.886710547795692
648			11.773191755074476
649			11.708228138278521
650			11.672280253455208
651			11.636474954607726
652			11.574774862287356
653			11.489739212718248
654			11.400493836117978
655			11.326206967429872
656			11.278136311937455
657			11.256168628557473
658			11.259309653768332
659			11.28334385946112
660			11.311809339850646
661			11.325334425444566
662			11.307039437733073
663			11.268398517133646
664			11.238890470906902
665			11.247875023487742
666			11.299477480112953
667			11.358215574350492
668			11.385141511681876
669			11.35373801142181
670			11.28949068173543
671			11.231481976391079
672			11.215577776677733
673			11.236673537829736
674			11.261428022118261
675			11.256238968610838
676			11.210709268636593
677			11.153873179022941
678			11.118596698625089
679			11.12594838204708
680			11.14325791709455
681			11.122561969259896
682			11.019464018045035
683			10.839946519062405
684			10.627290948377517
685			10.425459519274522
686			10.259295816793752
687			10.11880467338817
688			9.990290581772948
689			9.863849053222856
690			9.748166478960536
691			9.657618871582052
692			9.605033249320787
693			9.579255918014033
694			9.550264788147233
695			9.487668664981499
696			9.377804034763512
697			9.239354505609864
698			9.094700626546572
699			8.963006184310746
700			8.846658297178397
701			8.742592520004992
702			8.647432300266024
703			8.552637094586055
704			8.445397062808981
705			8.31283191019693
706			8.150287834352351
707			7.969799229549894
708			7.78542097952326
709			7.605942944053978
710			7.411334623298146
711			7.171754305254498
712			6.858788711442929
713			6.4694966945236505
714			6.022801308762941
715			5.53836471971714
716			5.04065451942232
717			4.564237272859831
718			4.144954446313678
719			3.8114674928003023
720			3.551769911100644
721			3.3395533437317635
722			3.1491858892036197
723			2.9678165614324286
724			2.793841272686302
725			2.626062510539935
726			2.467357206272906
727			2.3293539112760904
728			2.2248145103137675
729			2.1618761377285747
730			2.1219824388977173
731			2.077020780687139
732			2.0005783035849727
733			1.8984545818218213
734			1.8051234772763254
735			1.7559441086605516
736			1.7647956279362764
737			1.7990791784643922
738			1.820125385763756
739			1.79626427103355
740			1.7363298966566816
741			1.6636921075098798
742			1.6013381772468753
743			1.5647351345808669
744			1.5626730930516561
745			1.603632559417716
746			1.6821984618986099
747			1.7631270031414499
748			1.8073142811954184
749			1.785091737076094
750			1.7206000331041515
751			1.6570261560652906
752			1.6349102548326393
753			1.6461981380124475
754			1.6404368597129169
755			1.5659724216101887
756			1.4070394800030348
757			1.2230846821699657
758			1.0830183364885961
759			1.0410008892185392
760			1.0697695156851914
761			1.1141186417140019
762			1.1217534941932767
763			1.0910540587331907
764			1.063175579258533
765			1.0804299624204916
766			1.1595857519423554
767			1.266014582383578
768			1.3589254907448522
769			1.4067199585087427
770			1.426012076802636
771			1.4491679849076247
772			1.5064659145731354
773			1.5947031854436402
774			1.683781401270461
775			1.7430065701586908
776			1.760040472155646
777			1.757402808335226
778			1.7615099065498967
779			1.7919225050927332
780			1.8346905098404074
781			1.8656404694886939
782			1.8626088089590631
783			1.8324695816750753
784			1.803913461888158
785			1.8058943514739025
786			1.8440639146065463
787			1.8830373882533857
788			1.8832552172863442
789			1.8193565699384742
790			1.7293912669013134
791			1.6691039596792292
792			1.6894070154504217
793			1.7795696126011777
794			1.8863356199951995
795			1.9561341272300312
796			1.9702606519185326
797			1.9659425670636037
798			1.9854463357458467
799			2.055287861138519
800			2.139035331414835
801			2.1845336253604617
802			2.1456204758393795
803			2.042322432101422
804			1.9357729560182182
805			1.8867462147761516
806			1.9080323563699526
807			1.943567919147285
808			1.9319698274544137
809			1.8355954877141705
810			1.6998988094621164
811			1.5885040919843185
812			1.5570175702060616
813			1.5858117982399575
814			1.6140852195924609
815			1.581955364053709
816			1.4781884485731285
817			1.3528401330958544
818			1.2598609310513127
819			1.2314146342854704
820			1.2342584530005163
821			1.2229264972451301
822			1.1589322114037437
823			1.0584266735630306
824			0.9632988332966432
825			0.9144319041512965
826			0.9217638088816522
827			0.9616602518808643
828			1.008812762285416
829			1.0414229750291522
830			1.0465559681542655
831			1.0126542880399967
832			0.9322093762667357
833			0.8236907821914217
834			0.7158288923763221
835			0.6361312286420618
836			0.587508541777458
837			0.5503614784173001
838			0.5043757296680959
839			0.44745354822358235
840			0.41548658849176295
841			0.4491190317295751
842			0.5737268812417272
843			0.7358855259240212
844			0.85682228123043
845			0.8636212669100091
846			0.7686154815683479
847			0.6484742680839715
848			0.5808003192306561
849			0.5932463621794086
850			0.6289391679803344
851			0.6228357703733318
852			0.5320843447344298
853			0.4040225476469726
854			0.3088973344907218
855			0.30914714206192107
856			0.3836366092597488
857			0.4605448527255995
858			0.46878031558047184
859			0.39823787745097716
860			0.32105976019082794
861			0.3151841258886321
862			0.42318032711849385
863			0.5770890780367777
864			0.6874196769758937
865			0.6790325626780837
866			0.5896112268813539
867			0.5101783316222014
868			0.5283809421686148
869			0.6383816687417445
870			0.7358441929864911
871			0.711970908566013
872			0.523171857712119
873			0.2797303446726399
874			0.11411473705432826
875			0.1291535121246207
876			0.25789099274086286
877			0.37302270917514474
878			0.35609910452092763
879			0.2313957097652992
880			0.13793131644311862
881			0.21666302034579568
882			0.4955225689403702
883			0.8038815830319931
884			0.9509738096277739
885			0.8071655637026722
886			0.4939364994344071
887			0.19723443757566786
888			0.08453878545938708
889			0.13038518396892218
890			0.1944356174089907
891			0.1380576700301615
892			-0.05407475965763244
893			-0.23843517221996222
894			-0.26109026460500584
895			-0.04550462764628661
896			0.2620390087793735
897			0.4754040580081414
898			0.43988768043364296
899			0.21900731345183425
900			-0.03116797820346885
901			-0.16095147915648822
902			-0.15566594936888015
903			-0.12562845972738335
904			-0.18522231009176923
905			-0.3630641241531316
906			-0.5168348473693932
907			-0.4839529243760213
908			-0.16044360227248
909			0.2875440994205575
910			0.6160876656748913
911			0.6040650912895931
912			0.2959483997430091
913			-0.09222292673562626
914			-0.3447346401507853
915			-0.3854399962559089
916			-0.32893404760965916
917			-0.3035252249174597
918			-0.39360276555490603
919			-0.551704855030542
920			-0.7057295383793876
921			-0.7874275361410868
922			-0.7558280311776832
923			-0.5817339762514562
924			-0.24172531451530535
925			0.17346801423877822
926			0.467988107648624
927			0.44341473518947083
928			0.06440730677097672
929			-0.3884377568410052
930			-0.5983346104789824
931			-0.35783804793105184
932			0.06405936688406827
933			0.26862955877845845
934			-0.09502699454008856
935			-0.8722812120757304
936			-1.6048416914645245
937			-1.8406497535422721
938			-1.4944630966409849
939			-0.9374770940945993
940			-0.5691469983250371
941			-0.6268825654112048
942			-0.9202408575003692
943			-1.1889841378519959
944			-1.2136429632658283
945			-1.0193016059393285
946			-0.7218172140527148
947			-0.43719680896181523
948			-0.28144741202245627
949			-0.37057604459046567
950			nan
