Nom de l'instrument : SAM_839E
Fichier_calib_utilise: /Users/mdlemineahmedou/Documents/Stage/pipeline_LOG/data/calibration/ALL_2023/Cal_SAM_839e.dat
Date : 2017-07-05
Heure : 15:43:29
InclX : -7
InclY : 12.24
Pressure : +INF
Comment : 
Mission : VITEL

l_onde		data
310			nan
311			nan
312			nan
313			nan
314			nan
315			nan
316			nan
317			-0.056298713419267225
318			0.018321912275941137
319			0.14304741985182703
320			0.29369105831739434
321			0.4460660766816471
322			0.5759857239535892
323			0.6592632491422243
324			0.6732183011944862
325			0.6262563363516418
326			0.5560100572266127
327			0.5011853404700726
328			0.4867512651515978
329			0.5066310514354813
330			0.5504849472387335
331			0.6076380892473568
332			0.6654066849635386
333			0.7103617144348044
334			0.7298135171826968
335			0.7254800248796338
336			0.7121633171591397
337			0.70510568153923
338			0.7127392905047665
339			0.7285831594809637
340			0.7441813159897206
341			0.7536235443871838
342			0.7658309601672323
343			0.7950810985988191
344			0.8545360891176694
345			0.936199947224299
346			1.0132247030469588
347			1.0581719270780714
348			1.0562271400149517
349			1.0198100919387494
350			0.9648853334843894
351			0.9076121286327896
352			0.8652721325116892
353			0.855548320824814
354			0.8949427180250322
355			0.9778429223312393
356			1.0790136582243324
357			1.1725924879140954
358			1.242572714438671
359			1.294225329155351
360			1.3355931574475235
361			1.3744985912596377
362			1.41748525812519
363			1.4706368006549604
364			1.5393823142105676
365			1.6167049382811693
366			1.6844325713443538
367			1.7240621929523505
368			1.7296311596491225
369			1.7226763540775514
370			1.7283822961092052
371			1.7677527180425343
372			1.8369857882757301
373			1.9231662371542553
374			2.01337450940473
375			2.0948834656191617
376			2.155142522042121
377			2.181650587138214
378			2.1715507964776695
379			2.1437744882781558
380			2.120243495783473
381			2.120323244530709
382			2.1476250421872383
383			2.1997642071213885
384			2.2741107165519425
385			2.3631145047911994
386			2.454545005026665
387			2.536009494314407
388			2.601636823770823
389			2.660942281267634
390			2.725659080423752
391			2.8067108994024927
392			2.90976244373354
393			3.038377547570851
394			3.196021296360103
395			3.3840216279213964
396			3.6015734165979585
397			3.8477690964301665
398			4.11794237715726
399			4.3980445755769955
400			4.672587217129237
401			4.927363842682637
402			5.157073978101812
403			5.360196605002146
404			5.535244663726929
405			5.681248186338008
406			5.797784760924416
407			5.884479944481397
408			5.953416536355124
409			6.04999125715149
410			6.225110489078196
411			6.518012748048207
412			6.880034972571603
413			7.222453757928283
414			7.458469529395849
415			7.563492668152306
416			7.583559222405833
417			7.568517377466515
418			7.560813014861334
419			7.5814264568151915
420			7.6474692371181066
421			7.771387860005525
422			7.926980334989429
423			8.068943957733891
424			8.152956308739526
425			8.173130887921607
426			8.17082717239998
427			8.190302503951207
428			8.2662072954139
429			8.402631867843334
430			8.597603540962638
431			8.847351046497119
432			9.131483639320676
433			9.420626233851763
434			9.685885715986869
435			9.922290763477163
436			10.157006529970815
437			10.419455373947303
438			10.728267280382463
439			11.06399849694201
440			11.398813503189295
441			11.707624207553367
442			11.994074959275057
443			12.278930136737944
444			12.583017480373384
445			12.918399993298479
446			13.284157500372434
447			13.67832052372824
448			14.09234702046508
449			14.491723368476038
450			14.835521757699563
451			15.087520459425676
452			15.268070946697293
453			15.434929081390456
454			15.64601025374821
455			15.923248973258225
456			16.229306227707315
457			16.52131158126688
458			16.765095024092734
459			16.965326247202583
460			17.137508813040096
461			17.29702900431193
462			17.45761812604077
463			17.631786072889994
464			17.8319080196645
465			18.059566249057234
466			18.296405697669083
467			18.521917360005794
468			18.72135491470042
469			18.909270128421326
470			19.10950264917123
471			19.34456115803962
472			19.614603039624694
473			19.901274728929536
474			20.185700335452186
475			20.45470903766209
476			20.707043352567982
477			20.942938503173483
478			21.161472679491904
479			21.354969364077125
480			21.513307792298637
481			21.627082691582363
482			21.70155031884362
483			21.755658129766
484			21.808855747064
485			21.87413204495295
486			21.949104581835826
487			22.029154267757285
488			22.113737695996587
489			22.22986946221715
490			22.415979294221824
491			22.708358985587502
492			23.08786230627183
493			23.47671266792193
494			23.79436559188784
495			23.990758930239675
496			24.09908627536415
497			24.166625159892657
498			24.237941582743392
499			24.33616858675495
500			24.474259372375332
501			24.664430029682286
502			24.896676112006173
503			25.134267804586518
504			25.338895973745373
505			25.48915321063839
506			25.616999134595492
507			25.764900631856364
508			25.9682512637714
509			26.196410314220408
510			26.382743781199082
511			26.461457080118254
512			26.41986285305219
513			26.318203100882013
514			26.22201129875736
515			26.188071297118988
516			26.241040553108842
517			26.39820491441869
518			26.673555793881196
519			27.044335847852075
520			27.464794262989972
521			27.889067698860273
522			28.28629447908481
523			28.649225363133628
524			28.97268493685389
525			29.256642518135262
526			29.523117814909924
527			29.800036925876583
528			30.112968313849617
529			30.455633775360774
530			30.7988839502466
531			31.113193492335988
532			31.38090266849366
533			31.605838451906497
534			31.794092109238964
535			31.954014643283735
536			32.10528975453905
537			32.27114623401994
538			32.47318919262841
539			32.70602800711292
540			32.942027130754134
541			33.15300047327342
542			33.32889332382853
543			33.49756030133093
544			33.69161293936857
545			33.93616441335271
546			34.21219893412164
547			34.48461108051052
548			34.71972654825231
549			34.91415028975168
550			35.093101158849734
551			35.28287369826354
552			35.49533155634388
553			35.70738618461359
554			35.890761047945404
555			36.02225244743833
556			36.11381577608132
557			36.19229631442057
558			36.284354574765175
559			36.4102952451988
560			36.58353906791574
561			36.817142855347456
562			37.1076651804686
563			37.4052476796041
564			37.65192859773716
565			37.79715331380468
566			37.8510846210064
567			37.853626187537394
568			37.84454122273594
569			37.85149956311396
570			37.887169467729336
571			37.96328274376172
572			38.08329356682356
573			38.22355620468039
574			38.354887771740806
575			38.44988140745996
576			38.49843409232159
577			38.50020046729791
578			38.455140936378854
579			38.37259978470012
580			38.27524180059748
581			38.18674549777213
582			38.1145336654193
583			38.00409396986096
584			37.78616591650674
585			37.39818710777274
586			36.85560259308779
587			36.22425234929713
588			35.57057537534417
589			34.94439776821119
590			34.36858958371831
591			33.86355515627821
592			33.44078765963265
593			33.07235902571624
594			32.71944379088159
595			32.34575195648671
596			31.95052002677934
597			31.559147064149045
598			31.19748524314812
599			30.875515230748007
600			30.57382284038066
601			30.269807972471185
602			29.945371501842818
603			29.605457453233576
604			29.262364377205362
605			28.928800545280623
606			28.624373101549597
607			28.37445099094931
608			28.20443757221526
609			28.116034050661252
610			28.060934801257865
611			27.98449232108275
612			27.842548264826704
613			27.652895973514976
614			27.45599262361861
615			27.29152119629115
616			27.18243130050321
617			27.13590674242679
618			27.158459872018053
619			27.239405281653557
620			27.326834827903326
621			27.36279202447305
622			27.29721149252792
623			27.133624087770933
624			26.897851134810054
625			26.616175459637795
626			26.32477562980549
627			26.070289980884354
628			25.899820688697858
629			25.836518162214286
630			25.83854219335827
631			25.85313534262287
632			25.83316088458555
633			25.77522779594883
634			25.69644939102549
635			25.61402215541532
636			25.544056665162305
637			25.50138340950346
638			25.500751989504455
639			25.54408519043211
640			25.594096495798443
641			25.606033414641697
642			25.538242446601824
643			25.376594110635946
644			25.121368010073407
645			24.773672312010977
646			24.362258335524192
647			23.951987351655134
648			23.610151026116867
649			23.377999010994497
650			23.207656501178892
651			23.032198581631764
652			22.789879090519022
653			22.471175775321527
654			22.096820743415968
655			21.68842375370082
656			21.292654387702708
657			20.992204328036216
658			20.872556015912366
659			20.97788563024457
660			21.195334100346585
661			21.374730467714937
662			21.378373663453495
663			21.210444750042267
664			20.96521990247398
665			20.737678938013666
666			20.577204785349753
667			20.461612170312613
668			20.36245384389677
669			20.256363680084558
670			20.14123236311708
671			20.020508452451462
672			19.897173990614338
673			19.76826871139048
674			19.626736927462296
675			19.46562005944071
676			19.291845131315128
677			19.135934284909528
678			19.030702517076246
679			18.994480358423786
680			18.97961974406553
681			18.919696401256093
682			18.75218793229989
683			18.46968550212459
684			18.105584636092185
685			17.694302436854485
686			17.27623068123605
687			16.902648443656183
688			16.625991174607826
689			16.479699169431374
690			16.404061860847637
691			16.310860448486988
692			16.11773804241433
693			15.833116330201607
694			15.536842988006443
695			15.310289215286662
696			15.186547399888385
697			15.10535086785562
698			14.995762971680168
699			14.796547883347296
700			14.49706332755944
701			14.103107358751233
702			13.622805909742716
703			13.103015756421145
704			12.622614154258844
705			12.261015217761427
706			12.037134049735995
707			11.84715794094901
708			11.57241516202031
709			11.118495599244108
710			10.523795465187613
711			9.871921756039068
712			9.243765222246159
713			8.671385854244788
714			8.14492938034666
715			7.6531693193191295
716			7.182987961592373
717			6.717293035944029
718			6.238490519750303
719			5.736649541294528
720			5.245243698848784
721			4.813010807994761
722			4.485782816532727
723			4.255429384603086
724			4.066334656257978
725			3.861401617821957
726			3.608573196846305
727			3.329576363342605
728			3.0531031120266214
729			2.8061567535118273
730			2.6059937220744076
731			2.466381066806969
732			2.3998883689445987
733			2.396636211119819
734			2.4267619282389377
735			2.4597312272871563
736			2.4698541275882553
737			2.441922694046224
738			2.3620980572077324
739			2.223684489504708
740			2.061322133823576
741			1.9244854361118786
742			1.8599438880664407
743			1.863426770716074
744			1.885346868119404
745			1.8747201412894725
746			1.81232743232235
747			1.747137166725185
748			1.7369418548158442
749			1.8258919465409347
750			1.9803380017753283
751			2.139092513242781
752			2.242026016042863
753			2.2488557793715827
754			2.1366154265913297
755			1.8832075084437465
756			1.5131651067571252
757			1.1487450859965718
758			0.9245005515343966
759			0.9414116215620828
760			1.1151263474744149
761			1.297690723694144
762			1.3482832524707622
763			1.2501782660346163
764			1.0914010873870685
765			0.9630434920866939
766			0.9259243736957387
767			0.9799492460274781
768			1.1177199804885936
769			1.3226806454860802
770			1.5302443877173937
771			1.6601316669001895
772			1.638499735895867
773			1.4944287060224724
774			1.3396781553725243
775			1.2877555352417016
776			1.3864645719610453
777			1.5588365081339446
778			1.7139547722944837
779			1.7762092038237391
780			1.7448089649847616
781			1.6417888122350555
782			1.4915184086321058
783			1.3519785484096098
784			1.306402821649054
785			1.4376803914848306
786			1.7452533844261153
787			2.0816094461295127
788			2.2842859829934885
789			2.23784118390185
790			2.0368252504475506
791			1.834386947601626
792			1.773369158985802
793			1.8651356589348649
794			2.0303477463316066
795			2.1882593053375636
796			2.283955165349996
797			2.3039575147315774
798			2.2385217737036105
799			2.100061599563311
800			1.9895468914534724
801			2.0300674489570425
802			2.3279037331750594
803			2.8036833920732978
804			3.2627334173397164
805			3.511157285858429
806			3.478279039584401
807			3.270235351652837
808			3.0068262249046382
809			2.783223391522018
810			2.608394640445816
811			2.472457878996693
812			2.3648838379535086
813			2.2690707758394426
814			2.16509359066138
815			2.0340593046634425
816			1.8957996787159779
817			1.8189333536473595
818			1.8751611882685209
819			2.092323814356928
820			2.36658773780609
821			2.569512368589552
822			2.5881780893778807
823			2.431171028250366
824			2.1643144051651704
825			1.8535023739299135
826			1.5575587546667855
827			1.3276368373364997
828			1.2144120739985182
829			1.2311234167739253
830			1.2964781123209945
831			1.3144922280880236
832			1.2072100187018084
833			1.0123463517025142
834			0.8133036920008917
835			0.6913206650253746
836			0.6827804693552576
837			0.7830161865060252
838			0.9856087945968377
839			1.2461835813938242
840			1.4412118208137332
841			1.4372625098475147
842			1.1443967037373064
843			0.697142379896602
844			0.30223258763003474
845			0.15339982586405615
846			0.2550366246486269
847			0.4686428263449346
848			0.6528434732386033
849			0.7154804340726098
850			0.6476809064854031
851			0.44862191434747084
852			0.14594306083906738
853			-0.11703812388032887
854			-0.16762041481408432
855			0.13814214345708506
856			0.6364308022100693
857			0.976774833818245
858			0.8138951554489061
859			0.13322381234599945
860			-0.6338045160915117
861			-1.0243197420980958
862			-0.7543877715690097
863			-0.0992550995890144
864			0.5569011888314779
865			0.8665113029153094
866			0.7697976815871881
867			0.34304182566608127
868			-0.33211140396958616
869			-1.058710026185142
870			-1.5183099059176217
871			-1.3875399794289258
872			-0.5831557366514271
873			0.41145048970414877
874			1.031190079386043
875			0.8373206150997244
876			0.11483998312269364
877			-0.5940046385558948
878			-0.7773322756527222
879			-0.41367592602597714
880			0.1241650714032574
881			0.4542734893621613
882			0.37089435291854095
883			-0.022249840271848783
884			-0.5900495341791164
885			-1.177501169066306
886			-1.5478828823824786
887			-1.4434933240880525
888			-0.6536132111418995
889			0.541645280501339
890			1.569941801382344
891			1.8673796084318093
892			1.3403719332213977
893			0.5012211960573141
894			-0.09798252384130819
895			-0.1056378848193138
896			0.2526763125213204
897			0.648145261620627
898			0.7903974996172569
899			0.6559440672048288
900			0.3344862656307536
901			-0.08126877451424966
902			-0.44643767570633663
903			-0.5678313099122049
904			-0.2517367675755377
905			0.522979383689443
906			1.433494260166746
907			2.1162128279963115
908			2.2912807383975755
909			2.06481163278541
910			1.65404628323206
911			1.2656217782466497
912			0.9825772540580608
913			0.8081104939664839
914			0.7432654559496908
915			0.7533206435242815
916			0.7546752232248776
917			0.6602544667907637
918			0.45320486643344804
919			0.3274860254595982
920			0.5164540070257668
921			1.200179250262519
922			2.1814489568272477
923			3.10020955045058
924			3.605711334609219
925			3.5453468682466345
926			2.94899046439815
927			1.8546087600353633
928			0.4541513839455087
929			-0.7621181190899258
930			-1.2697654406882701
931			-0.7358805722361494
932			0.3379039937611417
933			1.2227072029791524
934			1.2659114792578765
935			0.6209781841098586
936			-0.07443359242124685
937			-0.18922145392364245
938			0.4423975400700393
939			1.407199111063422
940			2.255914236062081
941			2.641127393837958
942			2.484349359175967
943			1.7509603437304924
944			0.4486672178487708
945			-1.1609213841572499
946			-2.7219541651941914
947			-3.878424226101475
948			-4.274324667718522
949			-3.5536485908847535
950			nan
