Nom de l'instrument : SAM_80E0
Fichier_calib_utilise: /Users/mdlemineahmedou/Documents/Stage/pipeline_LOG/data/calibration/ALL_2023/Cal_SAM_80E0.dat
Date : 2017-07-01
Heure : 19:16:26
InclX : 
InclY : 
Pressure : 
Comment : J1-4
Mission : VITEL

l_onde		data
310			nan
311			nan
312			nan
313			nan
314			nan
315			nan
316			nan
317			248.75512038516788
318			243.98913126063022
319			241.24463787064983
320			240.21704861302334
321			240.60177188554715
322			242.09421608601784
323			244.38978961223197
324			247.18941208632137
325			250.33227482015886
326			253.80255683280677
327			257.59078040662996
328			261.4832704721781
329			264.7512570552829
330			266.58600900676646
331			266.3956922383008
332			265.042252107155
333			263.98509126803106
334			264.63347755950383
335			267.22445160502593
336			270.8355038144704
337			274.49577941210924
338			277.55054565251015
339			280.0977298218872
340			282.34486627012467
341			284.51547689332557
342			286.9342641705923
343			289.96539581409826
344			293.95572147636676
345			298.8878007052544
346			304.3988926141136
347			310.11271739205296
348			315.66904558811666
349			320.74433817961574
350			325.02015990344216
351			328.2325640627567
352			330.44927974704825
353			331.8628358344422
354			332.6667985058477
355			333.0709218524513
356			333.2998830869481
357			333.5795849721414
358			334.2771608790936
359			336.0746874189673
360			339.6968301620242
361			345.6865090990047
362			353.5041475463525
363			362.21103049562544
364			370.87444889191175
365			378.6910486087391
366			384.97509576446174
367			389.0472965270744
368			390.6650177961684
369			390.5497873003045
370			389.55204093930803
371			388.4945755735666
372			388.03649783052293
373			388.77687785436734
374			391.2680501135216
375			395.15368438918955
376			399.2515893167954
377			402.3516532202399
378			403.6797377619644
379			403.42828412934904
380			401.9195725598602
381			399.57836078317433
382			397.4420758221162
383			396.7748442286651
384			398.79000380162097
385			403.6838907970922
386			410.7173028885915
387			419.11617607534146
388			428.09867895446286
389			436.8654598878343
390			444.61476688447493
391			450.8522763116554
392			456.9656715462159
393			465.05452645413357
394			477.17138921252655
395			494.36752720835636
396			516.750973787942
397			544.3902746468896
398			576.6480763221223
399			611.2468748937637
400			645.6767742703549
401			677.5886585680275
402			705.6548959600591
403			728.9477020620391
404			746.6047476729154
405			759.1829869716667
406			768.6235677371405
407			776.9232440883308
408			785.4759782660891
409			794.2159824983681
410			802.8608358341913
411			811.1256097784008
412			818.708629808991
413			825.3013619005162
414			830.598111909743
415			834.3613821334061
416			836.4232337576738
417			836.619351497873
418			834.994976641701
419			832.1301599743776
420			828.6890377464586
421			825.1984554302743
422			821.2096920624782
423			815.8516189181865
424			808.2839290516478
425			798.5239954466026
426			787.5127126339959
427			776.2367091782215
428			765.7000409053093
429			756.9541296652544
430			751.0583681394284
431			748.9247878387648
432			750.3381284966218
433			754.5625293212668
434			760.8569778806402
435			768.4104105769471
436			776.3314445864065
437			783.7245595091563
438			790.0108201019636
439			795.536755595971
440			800.8171065141962
441			806.330291133704
442			812.2521716884158
443			818.6084016912523
444			825.4190035675207
445			832.5469782562756
446			839.662085176633
447			846.4222211862515
448			852.5553016437943
449			858.0114330017134
450			862.7846936028701
451			866.8647341427903
452			870.2005935776158
453			872.719486816592
454			874.3535585541019
455			875.2459521643673
456			875.8205731284579
457			876.5207651714122
458			877.6626029262735
459			879.1200098312379
460			880.6709529250265
461			882.096866358401
462			883.2145967316436
463			883.8617101427861
464			883.8790338600271
465			883.2583468443796
466			882.2100743561981
467			880.9617658526179
468			879.7482672912985
469			878.8323867890965
470			878.4836297677821
471			878.9513756263682
472			880.2534766326273
473			882.2595622230594
474			884.8365758201212
475			887.8344033236413
476			891.0758685105043
477			894.3813928691045
478			897.5386664893771
479			900.1961447514603
480			901.9652669211707
481			902.4800681939566
482			901.6708334308063
483			899.6762264162534
484			896.6422410526227
485			892.9691271795648
486			889.5014991503084
487			887.128742072762
488			886.6386185313308
489			888.3364848457895
490			892.3847005557149
491			898.8979770754692
492			907.2705080297945
493			916.3377647449731
494			924.9232458860546
495			932.1654687026895
496			937.8126269552401
497			941.6826650945969
498			943.6703135719848
499			944.0790951536901
500			943.3480322267479
501			941.9155483718707
502			940.2079119887301
503			938.6409717660971
504			937.6292038160276
505			937.3993358250717
506			937.7738033693124
507			938.5225320461468
508			939.3871898261593
509			939.9399306514906
510			939.689986179876
511			938.1569354044929
512			935.0797835625609
513			930.4059168769141
514			924.0916925499907
515			916.3175101142335
516			907.8028235315053
517			899.3465116008525
518			891.70556503462
519			885.3525358505811
520			880.6417031156658
521			877.9070092285451
522			876.9772183600467
523			877.1487543934155
524			877.6928839600788
525			878.0214763801049
526			877.9257436344086
527			877.2602327684492
528			875.9203379782572
529			874.1168215694793
530			872.207248313221
531			870.5398130473345
532			869.1458224160403
533			867.6856396130478
534			865.7986134088734
535			863.2351510929695
536			860.0825816872244
537			856.4918863457636
538			852.627749385584
539			848.7756718864081
540			845.2840252478601
541			842.4974646720003
542			840.5945923324557
543			839.5379507523194
544			839.2756076498173
545			839.75703796223
546			840.9365252881666
547			842.7693794836489
548			845.202833746169
549			848.1024549849765
550			851.2864001847909
551			854.5728798772017
552			857.8120544800801
553			860.9002981048399
554			863.7375971887391
555			866.2216692233166
556			868.241495769408
557			869.6839562098213
558			870.4500003338275
559			870.6044187163187
560			870.317835112242
561			869.7630603565062
562			869.1405776700788
563			868.695347393607
564			868.6763472874063
565			869.2050229609213
566			869.8503524103304
567			870.0317480010469
568			869.2076472094685
569			867.3619016152616
570			864.854826705558
571			862.054822447805
572			859.3201789386204
573			856.9911487480391
574			855.4061188461839
575			854.7899768016331
576			854.8157334407426
577			854.9889040085874
578			854.8417612049429
579			854.3251421109863
580			853.7213547310765
581			853.3200180989579
582			853.1823947389124
583			852.9182644064813
584			852.084402963796
585			850.2868086330114
586			847.3993706610141
587			843.3866738865926
588			838.223381667698
589			832.0660727265209
590			825.2299033008068
591			818.0361561177974
592			810.9637332878591
593			804.836003767323
594			800.5218488816031
595			798.7672304876226
596			799.5717916466415
597			802.6550208137617
598			807.7256793865134
599			814.2756450697393
600			821.5896429730606
601			828.9445340485562
602			835.7451641683253
603			841.704506333627
604			846.5809645790027
605			850.1547674566309
606			852.3533838994139
607			853.1651512358576
608			852.5815122591257
609			850.6660222782328
610			847.5573162176973
611			843.397581604245
612			838.3535245569303
613			832.6565928039776
614			826.5487960535679
615			820.2646623737727
616			813.9829029681342
617			807.8570056814673
618			802.0363333198054
619			796.5546489973385
620			791.3152784337108
621			786.2145578710574
622			781.1419927133572
623			775.9674150369412
624			770.5571365389574
625			764.7963451396421
626			758.7250522878478
627			752.4591438214068
628			746.1176526574598
629			739.9078641218526
630			734.1442880908941
631			729.1478720738628
632			725.1780602447029
633			722.3023859326019
634			720.5510554092344
635			719.9375967375381
636			720.32619990159
637			721.5023549227518
638			723.2517537406143
639			725.3953830935736
640			727.8000717015129
641			730.3357029569551
642			732.8240630047849
643			734.9256267174363
644			736.2670889806635
645			736.5136855515877
646			735.7042380882402
647			734.0873835817976
648			731.9131576061252
649			729.3901945254122
650			726.67010401028
651			723.9003392158409
652			721.2115399389266
653			718.674289721365
654			716.3457684386905
655			714.2919774818674
656			712.6705707115219
657			711.6935382727859
658			711.5737464446744
659			712.5322761091602
660			714.8021006965737
661			718.6171234937331
662			724.0945688311425
663			730.9123591933169
664			738.6450470046556
665			746.8609914860168
666			755.0603776933071
667			762.7011566162023
668			769.2461373764443
669			774.463635035696
670			778.5823297258373
671			781.8690027123513
672			784.569624446348
673			786.8485144235157
674			788.8499698906484
675			790.7149383788792
676			792.5458148669629
677			794.4203046750971
678			796.4144634819418
679			798.5293324487952
680			800.6495436682496
681			802.6496995710173
682			804.3484517008562
683			805.338517503777
684			805.1555932031116
685			803.3575501249577
686			799.7651459574355
687			794.3711963808013
688			787.17500838702
689			778.3977570016261
690			768.6111029244173
691			758.4176397826617
692			748.4322811564598
693			739.3204629948474
694			731.7605702711058
695			726.3759577746943
696			723.1289669723903
697			721.5451484929245
698			721.1432655001931
699			721.504344915514
700			722.3083012766244
701			723.2438398153744
702			724.0705803389263
703			724.8392903531469
704			725.6754458093843
705			726.7078132681639
706			728.1045019633555
707			730.0595307951819
708			732.7643620961032
709			736.2214211578255
710			740.1352665588913
711			744.1842574558793
712			747.976445896642
713			750.8352473526212
714			752.0120558155672
715			750.7609099808961
716			746.3667367877916
717			738.134459431128
718			725.3829342744027
719			708.2348715917936
720			688.0521293525417
721			666.3023650478812
722			644.390097564753
723			623.4718073554465
724			604.6430741432712
725			588.9215657313293
726			576.4532013425871
727			566.8372061899611
728			559.6646860199394
729			554.5434444622159
730			551.106097779766
731			548.987278168234
732			548.004385840265
733			548.6598311905026
734			551.6164786413337
735			557.4530608797107
736			565.8641271152255
737			576.0154010408016
738			587.0686576826574
739			598.335111451832
740			609.3367686729582
741			619.6115412000389
742			628.798084455217
743			636.8889731684119
744			643.9544594268548
745			650.067570089863
746			655.3281881846211
747			659.851261946584
748			663.7490759084916
749			667.0202837864476
750			669.5138096499902
751			671.0683788082418
752			671.6040494564282
753			671.3038683099319
754			670.403939540009
755			669.0840618713148
756			667.0318150640511
757			663.680422934537
758			658.452855266804
759			650.5011080481228
760			638.6491286559055
761			621.7017520438364
762			599.0993415035655
763			572.1391676146063
764			542.4558361131174
765			511.7967650742732
766			482.7832906180686
767			458.4447292353049
768			441.75318439645935
769			434.0647913660393
770			434.9691690193056
771			443.9650500485058
772			459.9924353481343
773			480.5429418512296
774			502.87656262714984
775			524.4509685561466
776			544.0555346524246
777			561.0294340917909
778			574.7394327385729
779			585.1150180370958
780			592.6311179176174
781			597.7849085120065
782			601.0383953157565
783			602.7741406422799
784			603.3638052138717
785			603.1421935402402
786			602.2322290397733
787			600.681267115259
788			598.5338576287835
789			595.7878386737791
790			592.4016730637339
791			588.3335477406463
792			583.655488059658
793			578.6596471517963
794			573.6633354926629
795			568.9417260296914
796			564.5672880499146
797			560.5516140965741
798			556.9110107363387
799			553.7255649031769
800			551.121141807995
801			549.2221475367334
802			547.9843067970452
803			547.0889837234985
804			546.1923661020471
805			545.0551920951879
806			543.8501275367669
807			542.8512751791453
808			542.3031117635411
809			542.1395588170951
810			542.1091621247914
811			541.9550760235293
812			541.2982450684776
813			539.5954001941186
814			536.2917695922093
815			530.9290965268314
816			523.3536023443386
817			513.4714020615463
818			501.27100844207456
819			487.4055767742807
820			472.84942752542054
821			458.5748891805422
822			445.4443887046772
823			434.2006816471249
824			425.5796571611229
825			420.0175398751448
826			417.20758431563695
827			416.7298763590709
828			418.15869657119646
829			421.032701019515
830			424.8770402759408
831			429.22706508178254
832			433.80117240728566
833			438.4758080916645
834			443.1334916262701
835			447.7587386008755
836			452.5317221149664
837			457.6547590444769
838			463.3080584739738
839			469.57022961424946
840			476.49071357128673
841			484.1120835506235
842			492.393344874414
843			501.237748401599
844			510.5449415421752
845			520.0813840152205
846			529.4188834080255
847			538.1138301207708
848			545.8526729711958
849			552.7595574912206
850			559.0506068358263
851			564.9078626426219
852			570.2275684372219
853			574.7632827911846
854			578.2737058663864
855			580.6858583355161
856			582.1108435383131
857			582.669467547431
858			582.5926735848536
859			582.3778847827402
860			582.5620325753122
861			583.6268924265199
862			585.7350245606727
863			588.9344184180402
864			593.254817658899
865			598.4391793329248
866			604.0012137653566
867			609.4492886265203
868			614.3779938836218
869			618.5302510705975
870			621.6636271816909
871			623.6794430890326
872			625.0463278473188
873			626.3728364819789
874			628.2158222057466
875			630.6265277069143
876			633.3702432237938
877			636.213112036776
878			639.0572003781523
879			641.9686887908191
880			645.0233611042767
881			648.1944170976727
882			651.184639495881
883			653.6527753797371
884			655.3250484921167
885			656.3457958772904
886			657.0192952128789
887			657.6362681925766
888			658.2544689295632
889			658.7384203366372
890			658.9474486949324
891			658.7959556109371
892			658.2946426875917
893			657.4639196793137
894			656.2233397066948
895			654.0969945160674
896			650.5120626390727
897			644.9147371705646
898			636.9306644849337
899			626.2841596981795
900			612.7110023978565
901			596.2601617386497
902			577.340697724972
903			556.382481231885
904			534.122942607961
905			512.0498529552951
906			491.763256167341
907			474.67110805747006
908			461.1146702967902
909			451.0670592176965
910			444.45402309525986
911			440.5396283553298
912			438.09918358456923
913			435.9029771047909
914			433.08533766742846
915			429.33309474863694
916			424.3793041014026
917			418.1420898465463
918			411.14370369920584
919			404.02946835288316
920			397.42491981959415
921			391.8075518240365
922			387.5877916205718
923			385.1655043437699
924			384.73130429169214
925			386.28007565949946
926			389.79653448474704
927			394.9644579772917
928			400.89321615370386
929			406.62756607165136
930			411.22974002798486
931			413.834351194836
932			413.59474978074934
933			409.6910426640025
934			401.55952901578746
935			388.7789987382292
936			370.9617934618952
937			348.6321904633896
938			323.3360818487558
939			296.67252183363723
940			270.03475579624103
941			244.34716122446852
942			220.46914666044736
943			199.20599518965895
944			181.0957501144516
945			166.59412110806167
946			156.15679477955973
947			150.23945773801626
948			149.29779659250178
949			nan
950			nan
