Nom de l'instrument : SAM_80E0
Fichier_calib_utilise: /Users/mdlemineahmedou/Documents/Stage/pipeline_LOG/data/calibration/ALL_2023/Cal_SAM_80E0.dat
Date : 2017-07-02
Heure : 18:10:11
InclX : 
InclY : 
Pressure : 
Comment : J2-5
Mission : VITEL

l_onde		data
310			nan
311			nan
312			nan
313			nan
314			nan
315			nan
316			nan
317			212.02671730564379
318			207.55948674739818
319			204.82944223297167
320			203.5932065326509
321			203.60740241672224
322			204.62865265547228
323			206.4135800191876
324			208.7208463595693
325			211.3602722574087
326			214.195321861804
327			217.09178108249483
328			219.82985151846475
329			221.97384537540884
330			223.05456109408058
331			222.74210460303323
332			221.64030754193635
333			220.73673323795632
334			220.98589277447877
335			222.57018943103478
336			224.9082686104259
337			227.38686166444305
338			229.58040720144714
339			231.5102590591427
340			233.262853667558
341			234.9444468370128
342			236.7867255368771
343			239.0703008460639
344			242.06311463566178
345			245.76565322534586
346			249.9248892737542
347			254.2777896310595
348			258.55749821709975
349			262.4884198983967
350			265.79374391033355
351			268.2372213086297
352			269.8295058402696
353			270.67415343248035
354			270.8797430602356
355			270.65172155931026
356			270.2848351767182
357			270.0774019290831
358			270.3771882382914
359			271.6422301141267
360			274.3454750373011
361			278.83584610489197
362			284.7235635350939
363			291.34647291746154
364			298.0427711520786
365			304.16587487534923
366			309.0830397720522
367			312.1639792317125
368			313.1736885342708
369			312.749957986933
370			311.6472704729499
371			310.58137793875824
372			310.03865112948324
373			310.42133090416525
374			312.09828136111344
375			314.79065459238365
376			317.6309144894837
377			319.73161754150715
378			320.5149938964035
379			320.0898391216151
380			318.65717399688094
381			316.5080728721451
382			314.47200205067895
383			313.5776433075995
384			314.8127062101713
385			318.3439421167297
386			323.58290384665906
387			329.9130085024563
388			336.71269836276315
389			343.3491944403341
390			349.1881803828551
391			353.8350806980545
392			358.36295931914344
393			364.40003143178274
394			373.5383388598147
395			386.59941964222713
396			403.67897606297964
397			424.8422869012058
398			449.601918841694
399			476.1862169026279
400			502.6415653188633
401			527.1396847748654
402			548.6485953689051
403			566.4480188667424
404			579.8679392852025
405			589.32795273274
406			596.3103282869943
407			602.3400528985825
408			608.4881540712512
409			614.7263291212388
410			620.8631300377704
411			626.705141139355
412			632.045806131909
413			636.6731860668185
414			640.3757544188284
415			642.952203999133
416			644.2116511204258
417			643.9641351814676
418			642.2135091772741
419			639.4582579383332
420			636.2746348243896
421			633.125766160383
422			629.6709155533691
423			625.2212843577207
424			619.1115492081075
425			611.3324215465284
426			602.5810095248185
427			593.5894187462836
428			585.1132177190525
429			577.9717454124618
430			572.9950721925434
431			570.8991849663082
432			571.5273485734122
433			574.3197915007569
434			578.7124623738113
435			584.0783808569481
436			589.7184135619219
437			594.9296826695582
438			599.262210964416
439			603.0053184450948
440			606.5826988683419
441			610.3852551990647
442			614.5307505681619
443			619.0013435266504
444			623.7757214038754
445			628.7464993166441
446			633.7003659536543
447			638.4175079246165
448			642.7176973826766
449			646.5463240687293
450			649.8736375985989
451			652.6685794995503
452			654.8880931093732
453			656.4826741461848
454			657.406559887752
455			657.7701427489823
456			657.8916005457714
457			658.1034969632041
458			658.6451313733173
459			659.4317894634177
460			660.3084389234149
461			661.1208411400276
462			661.7228641743097
463			661.9731192277337
464			661.7327421610452
465			660.9868954717189
466			659.9003883020267
467			658.6520995614405
468			657.4236831531189
469			656.4074275049488
470			655.7981681533653
471			655.7771260801418
472			656.3689022124095
473			657.4978298852965
474			659.0862361930946
475			661.0328087965445
476			663.1987308915803
477			665.4418564251957
478			667.5949302254334
479			669.3838865025505
480			670.5062634293187
481			670.6776631267085
482			669.8505195621823
483			668.1438517528203
484			665.6822031245067
485			662.7648732217826
486			659.9965838282064
487			658.0128287258176
488			657.3812039179217
489			658.3469918823697
490			661.0599336421573
491			665.6324724240264
492			671.613008756151
493			678.1125587779853
494			684.2327653563507
495			689.3217914275241
496			693.2049066862838
497			695.7619647342442
498			696.9241880796728
499			696.896276351427
500			695.9735767878169
501			694.4529433001944
502			692.6568424461203
503			690.9296965539553
504			689.615884876168
505			688.9230580351726
506			688.7644391168699
507			689.015010580478
508			689.5201605237061
509			689.9477441087521
510			689.8997176576881
511			688.9854142725629
512			686.9713290763127
513			683.7732081484163
514			679.3133196382557
515			673.7040489796182
516			667.5152110762734
517			661.3840189632256
518			655.9061192235382
519			651.3949037884439
520			648.0463997889614
521			646.043983069649
522			645.2603866467916
523			645.2409982881559
524			645.5157356314152
525			645.7006689451043
526			645.6443062167352
527			645.2339632438914
528			644.3828531831083
529			643.2041346221853
530			641.9040398661797
531			640.6834150731547
532			639.5594435389776
533			638.3343162145726
534			636.7980441884837
535			634.8045681859119
536			632.4017742875601
537			629.6741892364179
538			626.7180332508618
539			623.7326244876439
540			620.9709309466386
541			618.6837156515086
542			617.0177405242323
543			615.984446608289
544			615.5862075002733
545			615.8127437597973
546			616.6105387763494
547			617.9168483263143
548			619.6660104281176
549			621.7628604956585
550			624.0951067256673
551			626.5503831578571
552			629.0231775098721
553			631.4178909547212
554			633.6396995547407
555			635.5918405928422
556			637.1700866327211
557			638.2684139590905
558			638.7939756400002
559			638.8073598656182
560			638.4682664535632
561			637.9380229539606
562			637.3759955118404
563			636.9383977558975
564			636.7811585620989
565			636.9702750367369
566			637.1821610334918
567			636.9877613006821
568			635.9875154479488
569			634.1789650219793
570			631.844178661431
571			629.2713938932926
572			626.7465330219077
573			624.5513876470154
574			622.9673221344922
575			622.1861457863472
576			621.9642175301882
577			621.925736323834
578			621.7141243165511
579			621.2735521519928
580			620.7863602405421
581			620.4401850137792
582			620.2641207159287
583			619.9738084478015
584			619.2480900386695
585			617.7880437359511
586			615.4157687385358
587			611.9943363788045
588			607.4009411491934
589			601.7689445223156
590			595.455011392424
591			588.8238075973138
592			582.3409056774917
593			576.6924031681102
594			572.5935342688981
595			570.6602836309629
596			570.9060315783139
597			573.1179516465095
598			577.0746152606297
599			582.3807316719988
600			588.4749487740844
601			594.7895385325685
602			600.8373055594491
603			606.3249389736596
604			610.9877147099442
605			614.5855279852833
606			617.0443694397054
607			618.3588926837391
608			618.5259829123936
609			617.5923894712365
610			615.656777537743
611			612.820292036055
612			609.213309111795
613			605.0433902681833
614			600.530689068018
615			595.8846170753745
616			591.2344450458022
617			586.6732285088732
618			582.2916414551286
619			578.11667960256
620			574.1034870246782
621			570.2033433581562
622			566.3494017377815
623			562.4226096095937
624			558.2945726436384
625			553.8543181252411
626			549.1337661175322
627			544.2348641678544
628			539.261809339868
629			534.3782368489481
630			529.8199978328616
631			525.8272787388977
632			522.5978621121187
633			520.1972162311688
634			518.6650739753261
635			518.027002982865
636			518.1817341369006
637			518.9611563738845
638			520.1970729403425
639			521.7412693701416
640			523.4714848129026
641			525.2671870603951
642			526.976135648154
643			528.339745166598
644			529.0771606475779
645			528.9337265441094
646			527.9087445761847
647			526.1441453168798
648			523.7843903268886
649			521.016127466383
650			518.0841106465227
651			515.2373258729723
652			512.6747749700736
653			510.4169194200395
654			508.44437314606563
655			506.74967576416174
656			505.4492706807459
657			504.73305782372074
658			504.79125646694166
659			505.78171581708057
660			507.8154218798341
661			510.9996923919074
662			515.36972650503
663			520.6891934523376
664			526.6578700334039
665			532.96980059203
666			539.2559271723976
667			545.1080997857564
668			550.121747069814
669			554.1239624661131
670			557.2909337209176
671			559.8277406254581
672			561.9200780322004
673			563.6775842423076
674			565.1912471542352
675			566.5504209543251
676			567.8256571070808
677			569.0754655193535
678			570.357457751274
679			571.6870143427574
680			573.0139808691986
681			574.2825564942247
682			575.3857364876914
683			576.009750754863
684			575.7886457810861
685			574.3733163331548
686			571.6143939518392
687			567.4932370365466
688			561.9960649722245
689			555.2731822432129
690			547.7340991138443
691			539.8112026567811
692			531.9452121399202
693			524.6110159750979
694			518.2922602211623
695			513.4370376982425
696			510.0663816935034
697			507.91912892575107
698			506.7294660151893
699			506.2548160658308
700			506.2895064835351
701			506.6311453117244
702			507.113335801318
703			507.7174635424927
704			508.462835046266
705			509.37813948036927
706			510.6042468209726
707			512.3559052805432
708			514.8460378490573
709			518.0914302794284
710			521.7998137927194
711			525.6517361425822
712			529.2853566761394
713			532.1672263337298
714			533.7204740487948
715			533.36829761342
716			530.534699070353
717			524.644201113562
718			515.1321394017328
719			502.07260250478834
720			486.52432208159604
721			469.6300994871649
722			452.4903204731736
723			436.03874214987644
724			421.16820939654224
725			408.71111810681657
726			398.82350659969313
727			391.23725347295783
728			385.6775421161261
729			381.861269899094
730			379.4930213755994
731			378.27638299063346
732			378.06007900649223
733			379.2368067737538
734			382.3266817096064
735			387.7869796715357
736			395.4145634145633
737			404.6113060687431
738			414.7749803304704
739			425.3607274560385
740			435.9046099965898
741			445.9488011561811
742			455.13893304161996
743			463.4840962307692
744			471.07315229138635
745			477.9904792345701
746			484.27706010186694
747			489.94953513738784
748			495.0229173168241
749			499.45769430220633
750			503.14250655614387
751			505.96110591918455
752			507.8539575743444
753			508.9449083442643
754			509.39480196402235
755			509.32409358559124
756			508.5001636985077
757			506.5079401736351
758			502.9243701824674
759			497.1111706091746
760			488.1694944110825
761			475.1852864442013
762			457.71806847360733
763			436.7110746203411
764			413.3589111807799
765			388.9606386343564
766			365.62448777134523
767			345.83644288581826
768			332.0373926805708
769			325.3859099702002
770			325.6387874944709
771			332.480645248228
772			345.1282715505628
773			361.5857084645858
774			379.6630570951048
775			397.322121673134
776			413.5466910388315
777			427.74248353228467
778			439.3377637731512
779			448.22247288584515
780			454.73405048435035
781			459.22831418314115
782			462.06022449231625
783			463.5828059007364
784			464.1488172267373
785			464.0654994565575
786			463.3784180741933
787			462.0398112246502
788			460.0044401019224
789			457.27250052295346
790			453.88248702574407
791			449.87465393240745
792			445.35618145117917
793			440.5636634570401
794			435.74848389039477
795			431.1392585099656
796			426.85507615231677
797			422.9821321070221
798			419.60237961389896
799			416.740606241611
800			414.38056897156923
801			412.5041948814887
802			411.0294399150234
803			409.7702108482193
804			408.5308665216463
805			407.18629958697693
806			405.88930536366547
807			404.86111252058066
808			404.2955077177862
809			404.09861624649216
810			404.0048533852469
811			403.74487677974463
812			402.98806220825963
813			401.3214408348383
814			398.3262784912138
815			393.6389504943824
816			387.0696871871293
817			378.4629178126829
818			367.7487680229139
819			355.5486138935183
820			342.8178540126985
821			330.5060543551708
822			319.34712692839645
823			309.8401588205302
824			302.47189040196764
825			297.5479504879137
826			294.92493085542264
827			294.3910262959134
828			295.6941159527904
829			298.33468054396917
830			301.71941031990644
831			305.2754666653213
832			308.7996452763551
833			312.40789775414447
834			316.2261726657565
835			320.32384806432583
836			324.66178367679225
837			329.18855753664343
838			333.8983178738618
839			338.99463800909774
840			344.74121469394174
841			351.37681289143217
842			358.8366559657138
843			366.85345169451017
844			375.1569052932846
845			383.5120280720711
846			391.7354307531751
847			399.64782118739276
848			407.0983238989255
849			414.0316964729541
850			420.4127928338593
851			426.1992144645111
852			431.2877458932805
853			435.5448087315206
854			438.841614803546
855			441.18563939262884
856			442.7333814561344
857			443.64908589541295
858			444.15176659098347
859			444.5929524987795
860			445.3438192551305
861			446.72944117477834
862			448.8080811222072
863			451.54223962586354
864			454.8920902615882
865			458.7828965968826
866			463.11201641576343
867			467.77421806662494
868			472.5178656711177
869			476.83945847237663
870			480.2106279706002
871			482.2951024266895
872			483.51469792354635
873			484.47821211362134
874			485.7508563038242
875			487.4715953335126
876			489.53832662789785
877			491.8462765450588
878			494.29281732218254
879			496.7779121457065
880			499.20167842846587
881			501.4639823686005
882			503.4640279488504
883			505.10091131452054
884			506.2935257297649
885			507.0834355937619
886			507.5591306222594
887			507.80622974889076
888			507.86057394291447
889			507.7167166442798
890			507.3677358176589
891			506.78741468661246
892			505.91579934307845
893			504.68953476145964
894			502.9932446901079
895			500.507576353825
896			496.86318974248843
897			491.6884321677601
898			484.58982463451036
899			475.16188739604513
900			463.01335942504204
901			448.1831700737427
902			431.2048616559296
903			412.6398024624493
904			393.22100614105426
905			374.1002427672193
906			356.4919405524988
907			341.4672437869312
908			329.3016194874228
909			319.99592467011473
910			313.51798848333476
911			309.3745135908357
912			306.7315870199317
913			304.7492895254885
914			302.6991539059081
915			300.021862674335
916			296.17230823834564
917			290.88434474299356
918			284.8024545802943
919			278.7566304720901
920			273.506280287341
921			269.282701960127
922			266.0779478013813
923			263.8918697749623
924			262.9080769983115
925			263.48206228204975
926			265.971821758511
927			270.2687486459865
928			275.3736230362243
929			280.18704321612097
930			283.72148579335936
931			285.45281735838273
932			284.9768609811151
933			281.89623504094106
934			275.87862061753015
935			266.6278857953003
936			253.87002405718357
937			237.9500990664946
938			219.90670070135445
939			200.81476417591983
940			181.6693098711116
941			163.28329844811205
942			146.44446335953617
943			131.84858712771882
944			119.7374524717666
945			110.21296977973745
946			103.37701025717428
947			99.33144510962005
948			98.17814554261768
949			nan
950			nan
