Nom de l'instrument : SAM_839E
Fichier_calib_utilise: /Users/mdlemineahmedou/Documents/Stage/pipeline_LOG/data/calibration/ALL_2023/Cal_SAM_839e.dat
Date : 2017-07-05
Heure : 12:51:58
InclX : -8
InclY : 1.36
Pressure : +INF
Comment : 
Mission : VITEL

l_onde		data
310			nan
311			nan
312			nan
313			nan
314			nan
315			nan
316			nan
317			0.35478349011655425
318			0.2066194331047596
319			0.1385990751906353
320			0.13030602507083966
321			0.1613238914420312
322			0.21123628300086825
323			0.25962680844400926
324			0.28691663709824794
325			0.2908106938788767
326			0.2852642966226099
327			0.2848362905537451
328			0.29798660541794836
329			0.31939131280129596
330			0.34183379370674755
331			0.3590373500299201
332			0.3703599337080218
333			0.3772497126710596
334			0.38133227204419956
335			0.3876178674429192
336			0.4041905178868146
337			0.4392027061720396
338			0.4923904193494816
339			0.5450587483207027
340			0.5760719328115821
341			0.5693480581218375
342			0.5382484211793361
343			0.5067679026100042
344			0.49787157693385803
345			0.5148446953523383
346			0.5434376880300653
347			0.5688226208634934
348			0.5825833780410747
349			0.5901363547559435
350			0.5986983824088605
351			0.6142195326885854
352			0.6353478617046798
353			0.6581205273015386
354			0.6786990776713049
355			0.6956348642753205
356			0.7095997913450485
357			0.7213476308306009
358			0.7331512471454225
359			0.7505630933737295
360			0.779562853008084
361			0.8242852443453043
362			0.8781620912251735
363			0.9307752744975759
364			0.9721042204724349
365			0.999790996279381
366			1.0183456513874365
367			1.0325174854004395
368			1.0463032873820906
369			1.062049682030863
370			1.0818844102379097
371			1.1071564377621068
372			1.1345940803126044
373			1.1592280502640397
374			1.176372887696208
375			1.1870133776596339
376			1.1973371703582298
377			1.2137078132959316
378			1.2387062011511574
379			1.2663674731566374
380			1.2895538384246905
381			1.302641731029452
382			1.3093391476385827
383			1.316905661080141
384			1.3324106725509006
385			1.358772864823266
386			1.3949622879802097
387			1.4397878798071218
388			1.4908236193320847
389			1.5427298308981348
390			1.5897468410380837
391			1.628215796460218
392			1.6681253694192757
393			1.7249161897608427
394			1.813398111919553
395			1.933595299943779
396			2.0707744833622423
397			2.209578748016983
398			2.3405709683876177
399			2.4690907832701585
400			2.602745425420196
401			2.7472197539404424
402			2.8948441623595897
403			3.032281775315235
404			3.1466033615914735
405			3.235822920977138
406			3.3095424015461417
407			3.3779171522397613
408			3.448857776331663
409			3.5242718406037934
410			3.6050740926681546
411			3.691555715792208
412			3.779310180044368
413			3.8617900154927574
414			3.932664442116191
415			3.9922572606956503
416			4.048447078974393
417			4.109516862113386
418			4.179303478979141
419			4.248750792899911
420			4.306478930374394
421			4.342711072755074
422			4.360951272680136
423			4.371267205094244
424			4.383647652374776
425			4.403759796185925
426			4.431958645310582
427			4.468273428658518
428			4.513939914248503
429			4.574031927625195
430			4.654384749765315
431			4.759960506270589
432			4.887653112813654
433			5.029994882983219
434			5.179529569202006
435			5.331073838353431
436			5.482497784974895
437			5.631886142608442
438			5.778934022428279
439			5.929017685813115
440			6.088765566858046
441			6.263924351896041
442			6.451019463807993
443			6.641081898458773
444			6.825169641571916
445			6.999674075517307
446			7.168886926610899
447			7.337738427956612
448			7.509363382404248
449			7.679801925985701
450			7.843342028409653
451			7.9947160910628625
452			8.133999160541638
453			8.264798669318012
454			8.390766409666503
455			8.514239892755606
456			8.635391533513177
457			8.754191699407565
458			8.870733003612953
459			8.985653778174555
460			9.099744576909448
461			9.213604099427533
462			9.325134560076389
463			9.4302481070746
464			9.524845126486337
465			9.608354219480502
466			9.686721540158073
467			9.766597370017598
468			9.854183515528605
469			9.953401689268395
470			10.0674507838993
471			10.19920868445597
472			10.34618246044107
473			10.501431166646537
474			10.65788948071218
475			10.810043809522135
476			10.955620884644013
477			11.092753440720427
478			11.218836537371818
479			11.326958720042578
480			11.40865018613426
481			11.456045978787905
482			11.473661098245577
483			11.477571170367295
484			11.484283838714632
485			11.507164043841016
486			11.552099654494805
487			11.623890566177188
488			11.725924480751564
489			11.85204045917929
490			11.992122304847953
491			12.136142075137387
492			12.2766448538021
493			12.408896915729326
494			12.528296825543935
495			12.631379073764732
496			12.717780681098006
497			12.787663507133253
498			12.841748174113851
499			12.885171969051742
500			12.925169927448083
501			12.968916370062733
502			13.021170128086055
503			13.083784844206539
504			13.158440990696562
505			13.244908399676563
506			13.336924075977166
507			13.427037239972528
508			13.507871937209229
509			13.5727507568857
510			13.615377043201022
511			13.629625678973024
512			13.616782471374314
513			13.588310259882102
514			13.556410323910281
515			13.533628372796548
516			13.533774774828434
517			13.570950082497433
518			13.657782252700427
519			13.790472735449336
520			13.95494501696903
521			14.136998131314261
522			14.32449784920833
523			14.508562959627534
524			14.680597956720721
525			14.834575686820852
526			14.975476987922764
527			15.111231285333544
528			15.249240187590711
529			15.389775366723947
530			15.527988024894888
531			15.658931004252185
532			15.778964248698319
533			15.886814652029816
534			15.981458539907097
535			16.062147332341876
536			16.129512062250534
537			16.184615332573845
538			16.228763591928573
539			16.267312057276765
540			16.30895219646617
541			16.362450091971315
542			16.432576265758097
543			16.515747268634026
544			16.607331383651182
545			16.702928759778942
546			16.79950411175004
547			16.89451968151521
548			16.98548301124981
549			17.070829599625746
550			17.149871864323135
551			17.221956397129087
552			17.286371193814293
553			17.342262328280526
554			17.388754808836318
555			17.425553954029684
556			17.456387128484064
557			17.486685034724758
558			17.521720870433363
559			17.562403263405248
560			17.604913608293177
561			17.645197357002804
562			17.67950039082763
563			17.70491383348234
564			17.718676369693032
565			17.71858997364583
566			17.70707398971477
567			17.688809463158748
568			17.668419274577293
569			17.647938682539767
570			17.62619305430853
571			17.601807929029604
572			17.573828488849465
573			17.54267377346649
574			17.50904353423307
575			17.47343091618815
576			17.434316095684864
577			17.389044133180573
578			17.334874231610634
579			17.265566989110404
580			17.16991670301601
581			17.036339705720806
582			16.85528745854749
583			16.624965365760833
584			16.34542522173366
585			16.01737859579039
586			15.649220935157576
587			15.25431168068016
588			14.846101742724619
589			14.438616619523764
590			14.046814133729862
591			13.6857373895195
592			13.365840196421148
593			13.077274216944707
594			12.804578897518528
595			12.53317697683874
596			12.260868604112154
597			11.994568946793635
598			11.74137838829833
599			11.505671875435306
600			11.28677670535223
601			11.083473093964038
602			10.894664888888666
603			10.719888881550098
604			10.55888387575274
605			10.411463220000902
606			10.27870383507713
607			10.162737952142766
608			10.065711894115744
609			9.986727394884138
610			9.918462710925692
611			9.852781471814072
612			9.783372334331974
613			9.714703039472123
614			9.655184649309316
615			9.61271141261167
616			9.584352567096255
617			9.556978271199661
618			9.517082780028497
619			9.457612708903726
620			9.386980872109346
621			9.315869338317874
622			9.253444110058092
623			9.198574100757787
624			9.145845703880493
625			9.089958241368384
626			9.028844020081221
627			8.963852601871595
628			8.896499439581298
629			8.829610222623806
630			8.769565830465268
631			8.723344349281872
632			8.696562697286051
633			8.684243898855593
634			8.676445444264575
635			8.663414102643838
636			8.642267958052187
637			8.618225105768792
638			8.596966558852419
639			8.579501784671429
640			8.552560163664602
641			8.500151957089107
642			8.408832666364884
643			8.287763617972718
644			8.157940501567303
645			8.040141744868578
646			7.94250826018979
647			7.856672709458585
648			7.773155389571412
649			7.683946313567318
650			7.586065353363015
651			7.477607499507798
652			7.357248638064838
653			7.229522558233808
654			7.102356650192394
655			6.983668461787758
656			6.878840338743087
657			6.7896104147476795
658			6.717434469508191
659			6.66274690653269
660			6.622099132966068
661			6.591119948289854
662			6.565324612013525
663			6.538936528326328
664			6.505358773661678
665			6.458094050928047
666			6.397642846206192
667			6.335489262689009
668			6.2840784327865125
669			6.252444115369287
670			6.2353486335990524
671			6.223822854325017
672			6.209407709632409
673			6.190141046060966
674			6.1685383638222495
675			6.147168786467196
676			6.1258750395697
677			6.099867015705416
678			6.063904412010847
679			6.013834020607706
680			5.950454490254127
681			5.875973670507294
682			5.7923355628104565
683			5.697757201925969
684			5.587696292887983
685			5.457606544493693
686			5.308859042540657
687			5.153607761151497
688			5.005151960866815
689			4.874828829782002
690			4.764353695084995
691			4.672497174212271
692			4.597779525895587
693			4.534860361952801
694			4.4753616775087295
695			4.4108500429452615
696			4.336061207921504
697			4.251859316605992
698			4.159808925168741
699			4.061487628368332
700			3.9585410222820276
701			3.8526367999548126
702			3.7455644063410496
703			3.641146403375446
704			3.5448862195994657
705			3.4622904605781737
706			3.3921302495201955
707			3.319513163909426
708			3.2278924952303365
709			3.1037597699543436
710			2.950237592729405
711			2.7761102267850037
712			2.5900844246550556
713			2.3994086288918486
714			2.210079530348256
715			2.028050464356395
716			1.8588291848607121
717			1.7069870222857033
718			1.5769770923055235
719			1.4714943690626856
720			1.3832756251360165
721			1.3015555939659622
722			1.216020567770459
723			1.124765365620663
724			1.0332841081088953
725			0.9473258802097665
726			0.873073967555671
727			0.8176442884239069
728			0.7882735368667894
729			0.7891037055303853
730			0.8064145522788831
731			0.8200911485932013
732			0.810964797887389
733			0.7778245410439791
734			0.7354447162315138
735			0.699121538611
736			0.6774282783105693
737			0.6643912044925783
738			0.6521365946551719
739			0.6346236011885117
740			0.6164178407407442
741			0.605891297250214
742			0.6109346458750344
743			0.6303283905647352
744			0.654764490167475
745			0.6746707533515847
746			0.6834905466847149
747			0.6811405367683923
748			0.6683750932821332
749			0.6466405935293916
750			0.6213298947151916
751			0.5992327509866968
752			0.5866961145733106
753			0.5819752378695713
754			0.5762653330907265
755			0.560553588559951
756			0.5305025525961282
757			0.4915729433721471
758			0.45045834841699056
759			0.41314591915984583
760			0.3817230866466731
761			0.3569389801266841
762			0.3396540365564599
763			0.332670658446028
764			0.34043048804294773
765			0.36738095587662223
766			0.4116730818102234
767			0.45878860453263237
768			0.49269018926107366
769			0.5011891697254958
770			0.4922824084368178
771			0.4805617940559278
772			0.4798654352504088
773			0.49193594800656404
774			0.5087994586964466
775			0.5222472918880613
776			0.5285085331513608
777			0.5322396511719552
778			0.5390391778955286
779			0.5529185753747313
780			0.5701315435094682
781			0.5845650736551816
782			0.59048716495463
783			0.5876719271218098
784			0.58003033409709
785			0.5715668650079573
786			0.5656600544518199
787			0.5645861168337786
788			0.5705091233257473
789			0.5843000149442383
790			0.6010546904866682
791			0.6142575151824812
792			0.61815527054616
793			0.6167198577260562
794			0.6206321708781783
795			0.6405447779802782
796			0.676466792365405
797			0.7113333625263755
798			0.726541385699885
799			0.7101457614880182
800			0.6768103505603794
801			0.6478454967408128
802			0.6428116689470327
803			0.6619426267614845
804			0.6934691752602196
805			0.7255359102121471
806			0.750903777721614
807			0.7689578539542841
808			0.7795950851591756
809			0.7816023977033554
810			0.7698814231954137
811			0.7384842109220316
812			0.6825292808999518
813			0.6071418723353956
814			0.5229237312100311
815			0.44055308894100714
816			0.3714566015484964
817			0.3280038184732759
818			0.32261782266277933
819			0.3580389196220444
820			0.40793845324577727
821			0.4405553962484142
822			0.4287735696408115
823			0.381838932656979
824			0.3261263715572989
825			0.2874004222491615
826			0.27240936522741843
827			0.26727094681556757
828			0.2570890195897462
829			0.23510429065302937
830			0.2151040122395891
831			0.21406857665431842
832			0.24474948146921402
833			0.29276522187189724
834			0.3330172953859331
835			0.3412854164835839
836			0.3111757683714266
837			0.25260869465493807
838			0.17612953003534335
839			0.09604259691290357
840			0.03449133118105294
841			0.014599852704728068
842			0.05246022835718516
843			0.1278713865616208
844			0.20895771302646535
845			0.2653903430456779
846			0.28938856828575915
847			0.2901885136028306
848			0.27742340639593527
849			0.2590798369516204
850			0.24035793565324334
851			0.22618851152443686
852			0.22281394238879026
853			0.24180709837062186
854			0.29609486382312317
855			0.395867333202523
856			0.5220230213709487
857			0.6376957962935296
858			0.7062815983786348
859			0.7128246291066163
860			0.6715643018611328
861			0.5988032237933236
862			0.5112648488385854
863			0.4269877903251488
864			0.3642668598314656
865			0.33966388411482834
866			0.35611664106010776
867			0.41012188924215554
868			0.49793325240092895
869			0.6106182852960022
870			0.7337802947771297
871			0.8527268630120344
872			0.9430050862966008
873			0.9571298272405088
874			0.8442952184128106
875			0.5727815845335864
876			0.22019937800467362
877			-0.09698018922883284
878			-0.26886383392384466
879			-0.2914678590274589
880			-0.24595415346661217
881			-0.21542571063379026
882			-0.24252487624077487
883			-0.2988137343818705
884			-0.3486454427569001
885			-0.36246384682785365
886			-0.33573141948954105
887			-0.27033364981718233
888			-0.17026466800234166
889			-0.06154796602641462
890			0.016677260069631793
891			0.026086180791349164
892			-0.033923374366861624
893			-0.1153563687832973
894			-0.16703530329883873
895			-0.16271795131206168
896			-0.14794738616876757
897			-0.18110639469496667
898			-0.3070176327146027
899			-0.4763662185175194
900			-0.5999116392283748
901			-0.5925977725330611
902			-0.45637323105798067
903			-0.2737372470355153
904			-0.13003663412203106
905			-0.08558040833458913
906			-0.15077646893807065
907			-0.33011749942915875
908			-0.6121542403507436
909			-0.9119596516920384
910			-1.1234511180385365
911			-1.1493235676714395
912			-0.9945086663516147
913			-0.7299805933994091
914			-0.42694383711503925
915			-0.11841055642190579
916			0.21480314782046203
917			0.5956268265707071
918			1.0247504063922048
919			1.436097608749283
920			1.751114979920867
921			1.901673802153393
922			1.8934566005476041
923			1.764003875890193
924			1.551017935037779
925			1.2929178587619337
926			1.0287828503355025
927			0.7976651653458325
928			0.6324320928633991
929			0.5539686792435232
930			0.5817874489400023
931			0.7261038305458841
932			0.9566223532951478
933			1.2320163004336926
934			1.5060296371704625
935			1.680310910423872
936			1.6252158469873152
937			1.2151939645531646
938			0.4845483852326374
939			-0.3335084179784399
940			-0.9934864461681074
941			-1.3404753931437767
942			-1.4587247345030794
943			-1.4714976276758465
944			-1.4833283646059934
945			-1.4864037916608939
946			-1.431209893179659
947			-1.2681638020901165
948			-0.9476826513200933
949			-0.4201835737974164
950			nan
