Nom de l'instrument : SAM_839E
Fichier_calib_utilise: /Users/mdlemineahmedou/Documents/Stage/pipeline_LOG/data/calibration/ALL_2023/Cal_SAM_839e.dat
Date : 2017-07-01
Heure : 18:55:21
InclX : -10
InclY : 9.52
Pressure : +INF
Comment : 
Mission : VITEL

l_onde		data
310			nan
311			nan
312			nan
313			nan
314			nan
315			nan
316			nan
317			-0.16908651993674909
318			0.22509517270158808
319			0.34218981660748615
320			0.26892471313255784
321			0.09202716362841651
322			-0.10177553055332522
323			-0.22575606806105447
324			-0.19778764448577163
325			-0.030678510721802443
326			0.1735040122925999
327			0.3094359087624338
328			0.3184109266899524
329			0.24708132349600564
330			0.15656635534149593
331			0.1018990374438837
332			0.10162650833356256
333			0.16076119499724065
334			0.28268098809489406
335			0.43939791340978096
336			0.5744393191553483
337			0.6304795051702543
338			0.5855558471065709
339			0.495145690594888
340			0.4249819564822969
341			0.4279683009947512
342			0.4822663353639889
343			0.5390441552621134
344			0.5519319970838132
345			0.5216522960714337
346			0.4908868722471863
347			0.5036427390665824
348			0.5778385311293754
349			0.6751112213938847
350			0.7497721756737518
351			0.7646418252756839
352			0.7315896265156382
353			0.6800229350629692
354			0.6384218028612173
355			0.6174961456776483
356			0.6121878401359946
357			0.6168906089672616
358			0.6258140945647933
359			0.6327705258632538
360			0.6315203609408739
361			0.6185488840074101
362			0.606148466889642
363			0.6122974560267493
364			0.6536822479973085
365			0.7222580972637221
366			0.7878138731891381
367			0.8194483318502354
368			0.8047919752841841
369			0.7721131772631933
370			0.7550706667714899
371			0.7807267126472768
372			0.8370052848302939
373			0.8974511412441973
374			0.9367664439314762
375			0.953002559474362
376			0.9656354601443112
377			0.9948877967685693
378			1.0504265462269702
379			1.1180713453763613
380			1.1803687133741156
381			1.2219686524439346
382			1.2404840893371343
383			1.238461616872196
384			1.218806992793191
385			1.1917866424202157
386			1.174669290346692
387			1.1849573739665114
388			1.227935450071143
389			1.2800622666159893
390			1.3136413857510731
391			1.308073548709678
392			1.2888647912083337
393			1.2999394409374978
394			1.3833578406464868
395			1.5373489122373307
396			1.716393919832203
397			1.8731280512496136
398			1.9787422744780987
399			2.050745831192341
400			2.11375581397266
401			2.189048261464237
402			2.27468936978714
403			2.3588957145146043
404			2.4300864775757116
405			2.48277245075853
406			2.517914921137973
407			2.536794127009508
408			2.5457154038911605
409			2.5644225103868123
410			2.614881734327321
411			2.7135702338357315
412			2.8356120054802965
413			2.937284719125197
414			2.9762291549855506
415			2.952746783053934
416			2.915570865756992
417			2.9160336317927134
418			2.9841562230543266
419			3.0881608589639744
420			3.1851315932347366
421			3.2370180578465324
422			3.2460798707660343
423			3.234498499777218
424			3.224348740018597
425			3.229162475391977
426			3.251970522159912
427			3.295157630242582
428			3.357805807638933
429			3.4284908853061724
430			3.4937043102326526
431			3.5421923357781764
432			3.5835362827778785
433			3.6385807230876237
434			3.7278133081953975
435			3.8521116822442387
436			3.986009454105525
437			4.1021900424729205
438			4.184706371457094
439			4.25772112994359
440			4.354237532293274
441			4.503213410073158
442			4.691300232295569
443			4.879941510020181
444			5.030741577035477
445			5.131744278008768
446			5.210158223245382
447			5.296357324360782
448			5.412452250366968
449			5.547901355894678
450			5.684098869788035
451			5.803377134398751
452			5.899345833196688
453			5.9730708663606435
454			6.025856293940821
455			6.066511839523875
456			6.116211768674539
457			6.197284209888727
458			6.323420511700564
459			6.469756444937119
460			6.600673161765652
461			6.683367445025953
462			6.724614647548663
463			6.760399987566566
464			6.827164585949393
465			6.9383516584280684
466			7.064921165143855
467			7.173243364472701
468			7.238946763811962
469			7.284729775639417
470			7.3482125947784995
471			7.4645472335345
472			7.627452333700477
473			7.796332150277356
474			7.929694005270975
475			8.008005476025483
476			8.057591597098305
477			8.110523206464197
478			8.192633563254175
479			8.293341216994383
480			8.388887751079151
481			8.456114955289111
482			8.484476147780475
483			8.475201517730156
484			8.430016823842566
485			8.363489857047801
486			8.320741978506925
487			8.351340336165363
488			8.49344979921076
489			8.708137973106492
490			8.924537076972255
491			9.07384576233537
492			9.142553692701366
493			9.175625412749355
494			9.220804076843926
495			9.30747550520079
496			9.414886522469954
497			9.513802200394206
498			9.579438530569798
499			9.62219320610385
500			9.669173895856835
501			9.746965693494891
502			9.861631598625605
503			9.994552015474476
504			10.125644194701797
505			10.23898847558169
506			10.331810108309064
507			10.403922403390121
508			10.455833796470836
509			10.494542187073906
510			10.530582685054233
511			10.574262242230885
512			10.624231781626701
513			10.663135615493244
514			10.672456886730648
515			10.645345767405216
516			10.617790788952098
517			10.635610022394534
518			10.739654991296408
519			10.915376383897838
520			11.113560928339744
521			11.28494343892295
522			11.41023945760575
523			11.517353825202282
524			11.638335910999533
525			11.796427788869066
526			11.977123347251904
527			12.155805291365057
528			12.309163704283513
529			12.431549625603829
530			12.529997573325218
531			12.611839121429492
532			12.686250349330164
533			12.765747437487448
534			12.863198549997456
535			12.986018473053186
536			13.114273010601691
537			13.219472667567425
538			13.275140796980605
539			13.288290522558178
540			13.293531083078982
541			13.32618772236511
542			13.404390915606987
543			13.51032008659353
544			13.621643471889865
545			13.718890465431508
546			13.79942880219598
547			13.866765557014599
548			13.924603387848443
549			13.98053050113433
550			14.045806947116777
551			14.131806379927578
552			14.240290127162268
553			14.34973808142417
554			14.435174450555756
555			14.476713901740847
556			14.489752337306562
557			14.504627274847344
558			14.550757013403995
559			14.631608304097492
560			14.722539969747352
561			14.797514909513854
562			14.838095031041215
563			14.847221656202725
564			14.831568489330788
565			14.798507607940136
566			14.761135761744832
567			14.735353784959846
568			14.736585300685713
569			14.762815754981682
570			14.790398897993965
571			14.794343263515957
572			14.75827750390663
573			14.694051438033815
574			14.619281137837165
575			14.549899435294899
576			14.485439327955225
577			14.416185923480485
578			14.332320523392134
579			14.224032644375052
580			14.081523464612044
581			13.894995071660523
582			13.66001968839061
583			13.392630021627804
584			13.113730884616702
585			12.842081819335757
586			12.57145808723405
587			12.279494426617758
588			11.943876001876765
589			11.564109178080995
590			11.175107330172311
591			10.815022581011466
592			10.513005041314807
593			10.25838167074123
594			10.029470931741013
595			9.805308827845874
596			9.574989222605955
597			9.335012825900476
598			9.08214687175226
599			8.822838337284685
600			8.581461584861053
601			8.384334007101225
602			8.249903284197389
603			8.156327384111183
604			8.06890528069398
605			7.954764007111876
606			7.812148727716132
607			7.6652938497161465
608			7.539159744140793
609			7.446808591570438
610			7.376199756796352
611			7.312109059653842
612			7.241585181337653
613			7.165100911938085
614			7.088039994144415
615			7.015927245094477
616			6.957057539776795
617			6.922335638703113
618			6.922725826226889
619			6.9565177909308415
620			6.991620428408069
621			6.9914850588652815
622			6.926605385529811
623			6.815306827774935
624			6.695807832732632
625			6.605341523752764
626			6.554388832545031
627			6.525153707541443
628			6.498491630569659
629			6.459846822930114
630			6.407114571082334
631			6.340281712021818
632			6.260912848732087
633			6.182852248292472
634			6.125699860423805
635			6.108391196725851
636			6.1278536425863575
637			6.15507106732298
638			6.159542639651147
639			6.122182419088502
640			6.0587977625213965
641			5.99184017645886
642			5.941185609966369
643			5.903834920848963
644			5.864813640336185
645			5.809265159492122
646			5.7311060338756
647			5.635713109418356
648			5.529235790249092
649			5.419568213730876
650			5.3205755763270055
651			5.247399372116879
652			5.212169520543448
653			5.196646430376406
654			5.164996842699121
655			5.0817931570519415
656			4.942259306435051
657			4.785679098221145
658			4.654749996866704
659			4.581367120842187
660			4.5563579876340965
661			4.560792371007435
662			4.576551777966485
663			4.594753598568552
664			4.612380005946484
665			4.626527262110805
666			4.6355626567628585
667			4.639848465894807
668			4.6399215200279516
669			4.63549833656945
670			4.622863663952935
671			4.59740496905884
672			4.555628934820675
673			4.508297870937888
674			4.475999021696906
675			4.479254881759189
676			4.518387648956069
677			4.559394157574481
678			4.564935675495014
679			4.508415240621855
680			4.412166026589264
681			4.312445759261385
682			4.243157115253255
683			4.204935343250535
684			4.173785527323461
685			4.125271756909054
686			4.048411032362823
687			3.956734802937515
688			3.8663782790043966
689			3.7898017327331934
690			3.7214438059990664
691			3.6502277345643526
692			3.5661945750409
693			3.4766964672933156
694			3.4027061791886846
695			3.3654288065192492
696			3.3699295395377455
697			3.3900630562982697
698			3.396116996655494
699			3.362925665391562
700			3.2890359960877107
701			3.1807003198578134
702			3.0446177815388693
703			2.8948811870956797
704			2.751696005075442
705			2.63535750503089
706			2.55280599134423
707			2.4838899926935483
708			2.4051779561331963
709			2.298317967214595
710			2.172763684565768
711			2.0474345188094243
712			1.940070404892245
713			1.8473583655387478
714			1.7479144927497832
715			1.6198684608326819
716			1.45776875843686
717			1.2906692739994958
718			1.151979881400707
719			1.0675362203275809
720			1.0202730891940361
721			0.9780381821565413
722			0.9104733724952138
723			0.8206540392721542
724			0.7410762430206496
725			0.7051324487724535
726			0.7268832777870924
727			0.7788659029714553
728			0.8282402174604172
729			0.8468544336783491
730			0.8336171646790053
731			0.7971246565331497
732			0.7460725039073132
733			0.690794240589974
734			0.6430814316971474
735			0.6147215679129979
736			0.607321590100204
737			0.6004599281993601
738			0.5708378564249125
739			0.5019373470786032
740			0.416478856343613
741			0.35126444930976686
742			0.3410002226385921
743			0.38078041085891484
744			0.43052951062375594
745			0.4490809105643444
746			0.4186595314525125
747			0.37170335938784316
748			0.3471484014422556
749			0.3742030315071099
750			0.4265994877941389
751			0.45843366265107216
752			0.4269344732209514
753			0.34678971250938245
754			0.2828202704639429
755			0.30125240074737736
756			0.4234824640315845
757			0.5769566425071545
758			0.6772996968364667
759			0.6573871956695083
760			0.545323883452767
761			0.4018951495372766
762			0.28587190307231264
763			0.22074752289028743
764			0.20023714101857282
765			0.21706378289537578
766			0.2559450658617331
767			0.2854905781807914
768			0.2723785215345428
769			0.19485571873856264
770			0.09184419341516062
771			0.02208980141403132
772			0.040214700298771604
773			0.13481630940139278
774			0.24145339140591385
775			0.2945442506666156
776			0.268510609600477
777			0.21374135735611924
778			0.1891174470796841
779			0.23790420677698684
780			0.3270361700529109
781			0.4001611623409164
782			0.40552146266660377
783			0.3577372915505147
784			0.3213001040331013
785			0.3613392319353246
786			0.49286253800664415
787			0.6426114256367763
788			0.7283476149948848
789			0.6920728410314586
790			0.5840433002984494
791			0.48472374750806485
792			0.4686196864743819
793			0.5342125007131425
794			0.6275374023101445
795			0.6938869808435707
796			0.6981834345842471
797			0.6368382911451876
798			0.5091000583534264
799			0.3301404616078732
800			0.17876897426652769
801			0.14969073801921978
802			0.3242373793177135
803			0.6360350852756307
804			0.9269768028585803
805			1.039872153767149
806			0.9302578395261281
807			0.7154257977081362
808			0.5251667444667525
809			0.454148483356856
810			0.4741014990249292
811			0.5298740498411301
812			0.5726753166571315
813			0.6133991610798628
814			0.6956038527362358
815			0.8613794016696051
816			1.0873721988096277
817			1.2677803061111537
818			1.2915800646462197
819			1.1030357079333475
820			0.8123929384037124
821			0.5609158677549323
822			0.4716585380699151
823			0.5251176836086484
824			0.6346362945968954
825			0.7143959093484181
826			0.7115390142472987
827			0.6089670792804868
828			0.39146256186010436
829			0.07928563131689255
830			-0.21771801501483132
831			-0.37578018638885713
832			-0.29975622406643493
833			-0.0781528513510959
834			0.1279845559128703
835			0.16518627935574332
836			0.032793864230044024
837			-0.1300036229416625
838			-0.1793778217346184
839			-0.05331256866095547
840			0.13959452066954994
841			0.26940181022641657
842			0.2389123253836364
843			0.11992760891244925
844			0.03861155675454871
845			0.11124182705398038
846			0.31011671637554444
847			0.4988749600205003
848			0.5397449607968765
849			0.3920981473271234
850			0.17969259071390314
851			0.042174921598314964
852			0.07187292548432143
853			0.16880061852481804
854			0.18412182341608896
855			-0.012356825602038577
856			-0.3512965454469741
857			-0.6423470467292155
858			-0.6966337343722283
859			-0.459639789626661
860			-0.05804556878120636
861			0.3686748087318686
862			0.703511966901759
863			0.8996595570985998
864			0.9239870580281226
865			0.7574792687889662
866			0.49209011673456465
867			0.27223622254823204
868			0.2365518440464686
869			0.36938795865941915
870			0.49253656213764213
871			0.42045715223945557
872			0.08361449535913075
873			-0.3137840752801659
874			-0.5280637055256036
875			-0.3756047211070977
876			-0.01679742274468092
877			0.26569153920186545
878			0.20735922257820963
879			-0.16356046786057354
880			-0.5834890163132193
881			-0.78399989391632
882			-0.6531603708394998
883			-0.3539621392379888
884			-0.07727959564991993
885			0.038201959210927124
886			0.0681735964743138
887			0.14336309576834186
888			0.378876263222571
889			0.7266125480632243
890			1.0413026164075638
891			1.1790464017691114
892			1.097442571216702
893			0.8848482036056915
894			0.6382316684598496
895			0.43598381187619734
896			0.30301328566733315
897			0.2546627712952436
898			0.28974584726574887
899			0.2923272707271141
900			0.09780450586275552
901			-0.44457434340893753
902			-1.203644122111763
903			-1.7872355683582761
904			-1.7954275628886343
905			-1.1057372212183032
906			-0.14862477089219436
907			0.5799043778299984
908			0.7081195958407603
909			0.4370833649051291
910			0.13277561198702093
911			0.12931011302054313
912			0.3895446710277852
913			0.6365145141960659
914			0.5946740838637461
915			0.22571358265916774
916			-0.18445535873903554
917			-0.32666014608336386
918			-0.038003956605156146
919			0.4052714037715733
920			0.6448585153478903
921			0.38364321204402535
922			-0.24221629793557636
923			-0.9095553256449688
924			-1.3060607492163623
925			-1.3502924558244145
926			-1.1734359109853858
927			-0.9141166010496853
928			-0.6518539870487948
929			-0.35166040384499414
930			0.03456818450613398
931			0.531755020916693
932			1.0638160243278592
933			1.527162499985491
934			1.8240855920379329
935			1.9190265832492754
936			1.813759273757808
937			1.5121449734380394
938			1.0738637395190656
939			0.6280521225249482
940			0.30804983100977557
941			0.17114830082697688
942			0.07384685031904217
943			-0.1601100396628059
944			-0.664801093850488
945			-1.3213022526426108
946			-1.9167804748129023
947			-2.2382476680017884
948			-2.072715739849695
949			-1.2071965979970474
950			nan
