Nom de l'instrument : SAM_80E0
Fichier_calib_utilise: /Users/mdlemineahmedou/Documents/Stage/pipeline_LOG/data/calibration/ALL_2023/Cal_SAM_80E0.dat
Date : 2017-07-03
Heure : 18:55:46
InclX : 
InclY : 
Pressure : 
Comment : J3-2
Mission : VITEL

l_onde		data
310			nan
311			nan
312			nan
313			nan
314			nan
315			nan
316			nan
317			258.53876206186766
318			253.36117221177034
319			250.4526591603736
320			249.43304847230684
321			249.92216571219942
322			251.53983644468062
323			253.90588623437984
324			256.6483377034578
325			259.6008703166953
326			262.81280937451095
327			266.34312343483623
328			270.0302771075378
329			273.15650614295737
330			274.91769965361397
331			274.7216514631028
332			273.3964729972046
333			272.3539812215391
334			272.9583203917951
335			275.4578954399646
336			278.99743808997664
337			282.67555249090054
338			285.85919561951704
339			288.5542500207133
340			290.85964257875895
341			292.9139773716846
342			295.10696402815205
343			297.9262552681489
344			301.8373255746889
345			306.8368659483418
346			312.4772205954526
347			318.29344134221407
348			323.87210132677933
349			328.9175491769678
350			333.150516479648
351			336.33824280789236
352			338.53106516146397
353			339.8858417288012
354			340.56248792642464
355			340.7780710218747
356			340.80234476306936
357			340.9076170125389
358			341.48986748217885
359			343.22086321800754
360			346.8096652733356
361			352.78712983622773
362			360.6227053043606
363			369.39447764674486
364			378.1847534829045
365			386.17015022941695
366			392.61304051275386
367			396.7811701243763
368			398.3977703821983
369			398.19179918083506
370			397.0266799209664
371			395.7431828185922
372			395.04791622473437
373			395.59828209358255
374			398.00183358299535
375			401.89649329539486
376			406.0389124326957
377			409.1559156534126
378			410.4327637204185
379			410.0710982455832
380			408.40908962144556
381			405.88861891830305
382			403.5716091909319
383			402.7494110621443
384			404.66165786466746
385			409.51243372888314
386			416.55322223119003
387			424.9999770667704
388			434.0535182245575
389			442.8805299438352
390			450.6430197090868
391			456.82109298329493
392			462.842179245585
393			470.87030536250427
394			483.0201413320971
395			500.3558512950439
396			522.95199398433
397			550.8418449178513
398			583.3554936820956
399			618.1891835663442
400			652.8076589218001
401			684.843495177793
402			712.995548079934
403			736.3800557639663
404			754.1761806400094
405			766.9258018765926
406			776.4998241504451
407			784.8225802201069
408			793.2516871838674
409			801.7723760439875
410			810.1662098047328
411			818.2077427446553
412			825.6247230641227
413			832.1257262691552
414			837.4203079256689
415			841.2427672266816
416			843.3526413281097
417			843.5111714045797
418			841.7219755200645
419			838.6072419935078
420			834.8864139008712
421			831.1365215170694
422			826.9226324017648
423			821.3716472305657
424			813.6410512081992
425			803.7414187992186
426			792.6019029332294
427			781.1971445343856
428			770.5183129291827
429			761.6015004341848
430			755.4903590796243
431			753.087524940254
432			754.2168822958554
433			758.204131404933
434			764.3683665508348
435			771.9116529186749
436			779.9018725363096
437			787.3998142929003
438			793.7882869978318
439			799.3914512262558
440			804.7045664998666
441			810.1902572971021
442			816.0393056126495
443			822.3075329513165
444			829.0446364367043
445			836.1224548311292
446			843.1939420749105
447			849.8986130794976
448			855.949159288577
449			861.2904846825783
450			865.9134483882133
451			869.8068225350445
452			872.9402366746684
453			875.2730334681037
454			876.7689079530536
455			877.5743011094617
456			878.0788219588934
457			878.6889148736127
458			879.6995759966509
459			881.0186142369184
460			882.4698104754877
461			883.8738431483711
462			885.0197028840746
463			885.6778400670598
464			885.6226082415197
465			884.8365205808649
466			883.6035995145638
467			882.2314813413161
468			881.0072146936891
469			880.1389507113963
470			879.8159435468745
471			880.2147899756462
472			881.3664779660991
473			883.2087772554091
474			885.6770493457028
475			888.6499553664213
476			891.9162000981213
477			895.2565029499971
478			898.425429667612
479			901.0662920343597
480			902.7928245149585
481			903.2413377780483
482			902.3441327510683
483			900.2417068210091
484			897.0818659331792
485			893.2651630581837
486			889.6338785462722
487			887.0747978050183
488			886.3803398563739
489			887.8949626401898
490			891.8303376938774
491			898.3457990989956
492			906.8091952195258
493			915.9746203585585
494			924.5831264980123
495			931.7349072964055
496			937.2252272904325
497			940.9288713408724
498			942.7911109634072
499			943.1324736150767
500			942.3978702989527
501			941.0306041702862
502			939.4440987866274
503			938.0261642022085
504			937.1627638259886
505			937.0553485179257
506			937.5080450717885
507			938.2733753212015
508			939.08179150412
509			939.5313530679534
510			939.1709762895043
511			937.5579267974907
512			934.4264706044964
513			929.6789644389859
514			923.2252407235663
515			915.2292190395672
516			906.4661624066981
517			897.8014098192014
518			890.0479866824005
519			883.6636859211598
520			878.9585906216289
521			876.2233785717214
522			875.2695703780633
523			875.403766487178
524			875.9087257034193
525			876.2126745441166
526			876.1363079056911
527			875.5658472195074
528			874.4184629599639
529			872.8502735099278
530			871.1286264508125
531			869.5137609646965
532			868.025536820451
533			866.4024300978141
534			864.3669787473691
535			861.7302167576433
536			858.5716513392413
537			855.0215103639441
538			851.2232338542746
539			847.436749485734
540			843.9826024825985
541			841.1783959541616
542			839.2066370790619
543			838.0740531670532
544			837.7755930482629
545			838.289793879851
546			839.539111872001
547			841.4340345218726
548			843.8805013217226
549			846.7384650877628
550			849.8411818817962
551			853.0223566473649
552			856.1546819916133
553			859.1672439598884
554			861.993536596088
555			864.5470470805791
556			866.6642318512554
557			868.1630109885512
558			868.8819460170455
559			868.8999547320532
560			868.4512133914362
561			867.7725806965876
562			867.1066343824702
563			866.7051442407087
564			866.8207103403707
565			867.5699245384801
566			868.4801928924085
567			868.9194153751033
568			868.2974957658342
569			866.5898552309837
570			864.1771132062
571			861.448564470814
572			858.7802464045019
573			856.5245431966352
574			855.0313926152563
575			854.5328482761034
576			854.68776674675
577			854.9810382623888
578			854.9239452867464
579			854.4406524847998
580			853.7822955933478
581			853.2076037481455
582			852.7993400191435
583			852.2923656504136
584			851.3806983531776
585			849.7745411567194
586			847.2721851348406
587			843.7017439257427
588			838.9082644387174
589			833.0442099745092
590			826.530021900483
591			819.7955576295036
592			813.3558922847777
593			807.9123387181473
594			804.1908162721581
595			802.8120077814594
596			803.7576412853626
597			806.7695927250118
598			811.579637733336
599			817.714435416451
600			824.5047314841014
601			831.2738389455455
602			837.467583013756
603			842.8267403195084
604			847.1355758670811
605			850.1951974688053
606			851.9203439235685
607			852.2727284798524
608			851.219005805785
609			848.844490423165
610			845.358039016819
611			840.9742477173943
612			835.8918151725929
613			830.2674625538482
614			824.2510628051763
615			817.9946783788548
616			811.6667065794455
617			805.442926348627
618			799.4953361590279
619			793.8856785019946
620			788.5512880724332
621			783.4228173208531
622			778.4084393945986
623			773.3515853571987
624			768.0841012120313
625			762.4594337243551
626			756.5081999629994
627			750.347842872997
628			744.0992972600272
629			737.9808099655414
630			732.3288596100845
631			727.4870170051621
632			723.7172165146384
633			721.0266596566794
634			719.3730018824014
635			718.7075757074671
636			718.9250975535464
637			719.890447617548
638			721.4679538110145
639			723.5108874416755
640			725.8581591566422
641			728.3477140957376
642			730.7827971599686
643			732.8502736246313
644			734.2126378568599
645			734.5670329325538
646			733.9464601638185
647			732.5725473809114
648			730.6682710761471
649			728.4234517716951
650			725.9822420236833
651			723.4854652521502
652			721.0519978076331
653			718.7223224930757
654			716.519425833118
655			714.4795174324662
656			712.7761900874432
657			711.6644843961984
658			711.400047901789
659			712.2153440020459
660			714.3092716523465
661			717.8781021322992
662			723.0171755572385
663			729.4418213860482
664			736.7779505496438
665			744.6422581404067
666			752.5499922221755
667			759.9535541700845
668			766.3099065638891
669			771.3820868480246
670			775.3943548464554
671			778.6091424687796
672			781.2628896919222
673			783.4900574881383
674			785.4000997859458
675			787.1036582259386
676			788.7250440662499
677			790.3973228022525
678			792.2519105809295
679			794.3123405680489
680			796.4347309034042
681			798.4607754544987
682			800.1853871553444
683			801.2145738380798
684			801.1066674860605
685			799.4409565375153
686			796.0451686911221
687			790.9096340719153
688			784.0310866836733
689			775.6329515463138
690			766.2967582357038
691			756.635641677286
692			747.2629452221568
693			738.7928669452841
694			731.839823989751
695			726.9679765819801
696			724.1378073867055
697			722.9108951146353
698			722.8423526791616
699			723.5270288830418
700			724.6228812707564
701			725.7934774890855
702			726.7798797941413
703			727.6413132043388
704			728.5186432438829
705			729.5558207567628
706			730.9336847224494
707			732.8573673166167
708			735.528961927627
709			738.9330530351922
710			742.7114951257654
711			746.4759972304107
712			749.8081348564226
713			752.1674886915562
714			752.982771122913
715			751.6738899087508
716			747.5579212535395
717			739.8853708549182
718			727.9191173142513
719			711.7197367882799
720			692.5774630543267
721			671.8875191417277
722			650.9868781937033
723			630.9836801264395
724			612.9298795703178
725			597.8049685747825
726			585.7776627140285
727			576.5082205912745
728			569.6487601823668
729			564.8353019084739
730			561.6799456305395
731			559.7928510960535
732			558.9565270710455
733			559.5994423450454
734			562.3013727833841
735			567.5717602615282
736			575.1808707492888
737			584.4568729705692
738			594.7227501475954
739			605.3376051819168
740			615.7114896345154
741			625.258308049816
742			633.5360998792654
743			640.6092607364076
744			646.6533200657649
745			651.8382661652299
746			656.2804562742376
747			660.0661628088953
748			663.2792067167122
749			665.9183425563197
750			667.8702341637938
751			669.0139100776075
752			669.2882898531491
753			668.8259496423444
754			667.7985354634359
755			666.3296227938323
756			664.1225572174194
757			660.6635289889826
758			655.4280796611138
759			647.5972254461159
760			635.9954217758612
761			619.4263002344046
762			597.3269806005171
763			570.985528984191
764			542.0262637545716
765			512.1767207785357
766			483.96402606172524
767			460.2885867008872
768			443.9965156376659
769			436.4025261378476
770			437.1472622523068
771			445.78519039940926
772			461.31880800199133
773			481.31975953419453
774			503.1308691454703
775			524.2791712760406
776			543.5326773105155
777			560.1717397948922
778			573.5065575770105
779			583.4616513236454
780			590.5569977909574
781			595.3368261418622
782			598.2989151176967
783			599.836121579518
784			600.3269044827586
785			600.1080307603644
786			599.2765858749462
787			597.8441721864168
788			595.8215641205578
789			593.2070933617256
790			589.9886030933899
791			586.1543138565354
792			581.7764708452025
793			577.0897965709402
794			572.347582296312
795			567.7836890603527
796			563.538508313275
797			559.7243603584768
798			556.4476550128579
799			553.7351062713399
800			551.556226554696
801			549.8785080469007
802			548.6166622253603
803			547.5995526508398
804			546.6481651629953
805			545.6450937501475
806			544.7156680277374
807			544.0449910999552
808			543.7919531684844
809			543.8406671958411
810			543.9112268902193
811			543.720346881183
812			542.9350338672226
813			541.1555018627809
814			537.9772857406534
815			533.0339686157195
816			526.0791651741406
817			516.8901014284564
818			505.3403331451463
819			492.08043795534616
820			478.13646204190553
821			464.5295227818999
822			452.0821854075516
823			441.4008123518183
824			433.0802759905001
825			427.50447926974056
826			424.5342602890846
827			423.9507843020536
828			425.48599887754335
829			428.569825490801
830			432.51768541986326
831			436.66938147288613
832			440.80505347472246
833			445.0850444800774
834			449.68117463119256
835			454.64785451787185
836			459.81426983404657
837			464.98411617233626
838			470.0529432121547
839			475.33843070771997
840			481.2794468931941
841			488.27866356676026
842			496.29802958607814
843			505.00545416127665
844			514.0638451572773
845			523.1543417263346
846			531.9847278173804
847			540.2649135274929
848			547.7837378835018
849			554.5956661889093
850			560.8109824745669
851			566.5136546928474
852			571.5669714917811
853			575.7240471862608
854			578.7446285557539
855			580.5907842293391
856			581.4458508532798
857			581.504735356536
858			581.0655316008803
859			580.6759971152003
860			580.9209045548444
861			582.295620707136
862			584.7780757981977
863			588.1604848841174
864			592.2361447669931
865			596.8193047640776
866			601.7409628666918
867			606.831415967212
868			611.8263490432925
869			616.2986825203769
870			619.80526635743
871			622.0693675547587
872			623.4709988690971
873			624.5521587120955
874			625.8266695114303
875			627.5328106665695
876			629.7530258097598
877			632.5628283594071
878			635.8665356807753
879			639.3617618425379
880			642.7339259062467
881			645.7455372298047
882			648.3623193236135
883			650.5830877902401
884			652.408522867205
885			653.8508588412759
886			654.9267497628315
887			655.6544468523742
888			656.0788621691684
889			656.2670211749779
890			656.2862596318381
891			656.1734145848578
892			655.911995635086
893			655.4801363162836
894			654.7547400858892
895			653.2157847497457
896			650.2459760578317
897			645.2499342547762
898			637.8391014769564
899			627.7386366780122
900			614.6869259494367
901			598.7837359494147
902			580.5443319637753
903			560.5075982110642
904			539.437124636572
905			518.6447069111439
906			499.52416822013464
907			483.3063433976509
908			470.31696832809575
909			460.56940448018395
910			454.03454653339895
911			450.0898380121847
912			447.6743638785712
913			445.7213507041697
914			443.4136180067129
915			440.3127901629461
916			436.01220925111664
917			430.3251375054959
918			423.78273312688776
919			417.0624018303562
920			410.8154199798851
921			405.4975663314973
922			401.4760548482587
923			399.10910890681697
924			398.5800220882678
925			399.9084612592094
926			403.10526633114773
927			407.89255536822077
928			413.44135800488283
929			418.8607139588971
930			423.2622394076491
931			425.76822199348265
932			425.5037118512743
933			421.6266402475842
934			413.60977211367424
935			401.1009786593577
936			383.77653169914475
937			362.06793574178425
938			337.2527603922459
939			310.65312585160666
940			283.54298333029493
941			257.086546802453
942			232.43282443969116
943			210.6392359284009
944			192.31099069303664
945			177.91397716493444
946			167.91404474736206
947			162.77704284358728
948			162.96882085687776
949			nan
950			nan
