Nom de l'instrument : SAM_839E
Fichier_calib_utilise: /Users/mdlemineahmedou/Documents/Stage/pipeline_LOG/data/calibration/ALL_2023/Cal_SAM_839e.dat
Date : 2017-07-05
Heure : 12:50:23
InclX : -2
InclY : 16.32
Pressure : +INF
Comment : 
Mission : VITEL

l_onde		data
310			nan
311			nan
312			nan
313			nan
314			nan
315			nan
316			nan
317			0.19738574705763526
318			0.22459569631067594
319			0.22265692216853789
320			0.20382515891169467
321			0.18035614082061993
322			0.16450560217578722
323			0.16852927725767014
324			0.20379353402231834
325			0.26331193153419447
326			0.322842499284171
327			0.3575389069403549
328			0.35724046570704315
329			0.3449767811329376
330			0.34833488795885975
331			0.3878946405350985
332			0.4422291567010465
333			0.47432883810037774
334			0.449337965977438
335			0.37480161405628876
336			0.29677082129537113
337			0.2625704026846784
338			0.2952447196547786
339			0.3646674873771998
340			0.43367089502377143
341			0.4708014266472647
342			0.477896491206456
343			0.4688167049394304
344			0.4571587739841341
345			0.45123826922840043
346			0.4546652436302053
347			0.4708638440535711
348			0.4993670252116517
349			0.5313130937167021
350			0.5567477108625645
351			0.568193374283919
352			0.572449873020071
353			0.5814219640408055
354			0.6062077210696875
355			0.6426855741795358
356			0.6732290520482098
357			0.6798123384840443
358			0.6571118938494294
359			0.6272272901903735
360			0.6158304948679176
361			0.6433692287125361
362			0.699984646683879
363			0.7649163152703005
364			0.8180937328360263
365			0.8528504979213853
366			0.8745342294874671
367			0.8889131973002847
368			0.9008583427275643
369			0.9132728747694747
370			0.9287989952432186
371			0.9494180350978134
372			0.9731902280574452
373			0.9967352166627674
374			1.0168722191711972
375			1.0344150434016666
376			1.0538428257328056
377			1.079747622601886
378			1.111587543582327
379			1.1372221042466146
380			1.1429188789579912
381			1.1190763051962151
382			1.0815496770568607
383			1.0558831230798094
384			1.0665553837601376
385			1.1152114672403879
386			1.1817743536258347
387			1.245331560432063
388			1.2922648288900351
389			1.3261652596334577
390			1.35310464989389
391			1.3793318059110196
392			1.412245434800671
393			1.4597036097951899
394			1.5292817831605747
395			1.6220498418142675
396			1.7325845396419324
397			1.855184143511425
398			1.9852170638147475
399			2.120722964870213
400			2.260151432893656
401			2.400701090382153
402			2.530880286798976
403			2.6355094580966187
404			2.7001674721067577
405			2.7301571126077246
406			2.7516671081111923
407			2.791871468262767
408			2.866896595483294
409			2.9633247036143118
410			3.062851806517994
411			3.149067176263915
412			3.219823222556052
413			3.2794726501562765
414			3.332358983827085
415			3.3815912311305922
416			3.4288768779677086
417			3.4758470246829694
418			3.5234944586339147
419			3.5709609562391886
420			3.6170546818455316
421			3.6605875025948302
422			3.7004019622746296
423			3.735355765569032
424			3.764333193397793
425			3.7871303040568147
426			3.804663925522676
427			3.8179207007183424
428			3.830608750249891
429			3.855093342946246
430			3.90545729160119
431			3.9938877912436808
432			4.115055976748894
433			4.254163957626971
434			4.396471711535011
435			4.533560196434786
436			4.6655019595653435
437			4.792966217538155
438			4.917390616288231
439			5.042923695345585
440			5.17431149771655
441			5.315854590517556
442			5.467194781615759
443			5.6251979889134
444			5.786706542135584
445			5.949274795131971
446			6.111511820884308
447			6.272111934873504
448			6.429028071874234
449			6.577283590820592
450			6.711178334763412
451			6.82577445785349
452			6.925298082399993
453			7.020034252916061
454			7.120297930008925
455			7.230865588980584
456			7.347389817055892
457			7.46467175736584
458			7.578130224509874
459			7.685941389463807
460			7.787050554885595
461			7.880520813091872
462			7.967070242141281
463			8.048638336398744
464			8.127193754172932
465			8.204770018716067
466			8.283520476105892
467			8.365611417544693
468			8.453282113752826
469			8.549142870943474
470			8.655921618487488
471			8.776042294866384
472			8.906837329875758
473			9.041422455604883
474			9.17280261705288
475			9.296590636468709
476			9.413845111551524
477			9.526306979517187
478			9.634619057599727
479			9.733013387113335
480			9.81340221668154
481			9.86812992938698
482			9.898419688691465
483			9.913785822159415
484			9.924060818519626
485			9.939230302434428
486			9.969644237279658
487			10.025705600603487
488			10.115687244342771
489			10.233459034898765
490			10.366924804531402
491			10.504109206621568
492			10.636604427286048
493			10.75977561763812
494			10.869170508675502
495			10.961350615355917
496			11.035646379163314
497			11.09185664646985
498			11.13061603959582
499			11.159165460216096
500			11.187883542494149
501			11.226999464097315
502			11.281200211104961
503			11.348506994061758
504			11.4265450977738
505			11.512084996662765
506			11.599198109857458
507			11.681424447949714
508			11.752449104104267
509			11.807311615545256
510			11.841789785956447
511			11.851813135901976
512			11.839687129323584
513			11.816472977573136
514			11.793867190273833
515			11.783209063469856
516			11.794526295929733
517			11.83754563191451
518			11.92085075013597
519			12.040274663621647
520			12.18367237272229
521			12.338823999858935
522			12.496473007444996
523			12.652027118818765
524			12.801303708715693
525			12.941411512909163
526			13.07499405777712
527			13.206177412004404
528			13.338754129752955
529			13.472011591009808
530			13.602001717972499
531			13.724714698558696
532			13.83700623419148
533			13.937299331282958
534			14.024182160622269
535			14.096796940673496
536			14.157064468663219
537			14.2077747358508
538			14.251805082500557
539			14.293479117467209
540			14.338312198417514
541			14.391841025552251
542			14.457323002939853
543			14.533249951920112
544			14.617515701977752
545			14.707789558445477
546			14.800419468284236
547			14.891271604859092
548			14.976322036653436
549			15.05384913871815
550			15.124306966105536
551			15.188233524380678
552			15.245755533188323
553			15.296003561409838
554			15.33796031835463
555			15.371270192584559
556			15.400163575560242
557			15.430813032553647
558			15.4691863956151
559			15.515604260542943
560			15.564270743603657
561			15.609085607118347
562			15.645109930439155
563			15.670672097844902
564			15.684670894256186
565			15.68642827913937
566			15.678735038684044
567			15.666081075275837
568			15.652883271678578
569			15.640584502483366
570			15.626938447001171
571			15.609469146388216
572			15.586297499964875
573			15.557498444400826
574			15.52354617250082
575			15.484789364573334
576			15.440353830625911
577			15.388675802369717
578			15.328135078593913
579			15.254781460310546
580			15.16135729585145
581			15.040353212509954
582			14.884564280633334
583			14.687945513821335
584			14.444728134534557
585			14.150236358472265
586			13.81252363055603
587			13.447866823178684
588			13.07265854337298
589			12.701805463191485
590			12.347803181378605
591			12.022926751123295
592			11.735674799077012
593			11.4778397753112
594			11.236595964499443
595			10.999650829165336
596			10.762183743588976
597			10.52487657483353
598			10.288551171024041
599			10.055272275726752
600			9.829406539196498
601			9.6155701000705
602			9.418322752887992
603			9.241935833427528
604			9.090588612042053
605			8.968026572134503
606			8.870634275965134
607			8.78864859118818
608			8.712142157966477
609			8.63525025578501
610			8.560679525207776
611			8.492223628810892
612			8.43307694227749
613			8.382894297412323
614			8.340035651824465
615			8.302861597096317
616			8.26978583026019
617			8.239272083095832
618			8.209783859673509
619			8.179130154379852
620			8.1435511128928
621			8.099056693962941
622			8.04242260372551
623			7.975625488315008
624			7.90280504491476
625			7.828107094023746
626			7.7556531274707075
627			7.689538921755676
628			7.633856367397951
629			7.591008607568024
630			7.558816545934256
631			7.534331353988349
632			7.5147943874545255
633			7.498927195260184
634			7.486145117486873
635			7.475821048437148
636			7.465862943391864
637			7.452451865088412
638			7.431669980466011
639			7.400238455467785
640			7.356831762699896
641			7.300496310432562
642			7.230590841004878
643			7.149248125480105
644			7.060053165189076
645			6.966575330060527
646			6.871267382217055
647			6.775123471019735
648			6.679039395794443
649			6.583504923362277
650			6.487620241877016
651			6.390188520837844
652			6.2901763123406305
653			6.188197761555572
654			6.0858214974225975
655			5.984675327527584
656			5.888732314381044
657			5.805336693994042
658			5.742093879793205
659			5.702910436137774
660			5.677630902545728
661			5.652758653448238
662			5.615957896898237
663			5.568100780522636
664			5.518446489769369
665			5.4762963487319425
666			5.445256566945885
667			5.419994386251589
668			5.394394919156446
669			5.363588799739539
670			5.327917284965108
671			5.2890840183192145
672			5.2489656410952925
673			5.2116422331462005
674			5.182712477474855
675			5.1677230310284
676			5.165823180765456
677			5.165291479792028
678			5.153350117904111
679			5.12000522239573
680			5.067944111774607
681			5.003462921625249
682			4.932319473248603
683			4.852666930545019
684			4.757028206587572
685			4.637886433204883
686			4.496727065518967
687			4.351439963294789
688			4.221657352652794
689			4.122652299739131
690			4.048320866477483
691			3.9860168176832564
692			3.9235562951045058
693			3.855932862338171
694			3.783787389483797
695			3.707914935691626
696			3.629311707487704
697			3.549362879760432
698			3.469498082452267
699			3.3906962294717857
700			3.3115855750295835
701			3.230030528568541
702			3.1441587483250832
703			3.05650104259477
704			2.9732284961405195
705			2.9005753683020155
706			2.838202870364944
707			2.772438180819131
708			2.687994087262432
709			2.5730482574923133
710			2.4347448624634
711			2.2866847721020496
712			2.1419195760610648
713			2.0036661488070364
714			1.8666996606403226
715			1.7255492676937323
716			1.579336119279732
717			1.436831791177978
718			1.308026135654351
719			1.2011209326174443
720			1.1141902307188074
721			1.0417464203107114
722			0.9783915960262203
723			0.9204566537594107
724			0.8657937929601068
725			0.8123198479399069
726			0.7602323183126758
727			0.7146274132517065
728			0.6812357240172309
729			0.6639511440383764
730			0.6560663734219233
731			0.647078881307607
732			0.6269979274143551
733			0.5955536537541999
734			0.5611293633295418
735			0.5323894524249236
736			0.5140981543798981
737			0.5025805923152065
738			0.49305965260142903
739			0.4818861666832686
740			0.47193814861115885
741			0.46843603812644147
742			0.4762071302894064
743			0.49265589381833425
744			0.5085963762119338
745			0.5146418620527359
746			0.5064508656758614
747			0.49051216467740716
748			0.4747160698469997
749			0.46549885028663884
750			0.46100445851427996
751			0.4564416967447208
752			0.4472490293801318
753			0.43310852509417047
754			0.41740481410789865
755			0.40363387624109065
756			0.3932047789546762
757			0.3831530394843293
758			0.36996386657644514
759			0.35120630254146695
760			0.3304324472416394
761			0.3132476597180077
762			0.30502614150541035
763			0.3071203957815263
764			0.3174881550249741
765			0.333977171448393
766			0.35395329167637546
767			0.3738126991844472
768			0.38983531279618394
769			0.3994094443190927
770			0.4057367143462539
771			0.41391807065086333
772			0.42853030909776413
773			0.4457635748632948
774			0.45507089158104624
775			0.4458019261382782
776			0.4170250427657772
777			0.38626457614047854
778			0.37310797963793535
779			0.3916859748622692
780			0.4294562128742705
781			0.4657390259153308
782			0.48129996966430966
783			0.4777871954045776
784			0.47253841633302623
785			0.4831266272906504
786			0.5143672387840569
787			0.5486089056552619
788			0.565914654090448
789			0.5521329905130243
790			0.5189500313411474
791			0.48526191401845226
792			0.46879964997882034
793			0.4724296177414633
794			0.48876364657166316
795			0.5102055145169769
796			0.5288525389691624
797			0.5363104207690821
798			0.5241405693594364
799			0.48897203673806605
800			0.44768690217038853
801			0.4222261197953931
802			0.4321411224766625
803			0.4705919804847051
804			0.5143482695122272
805			0.5402600975305996
806			0.5412266950640167
807			0.5331766269451717
808			0.5338177371585201
809			0.5534071422938525
810			0.5761229016519744
811			0.5804404683166328
812			0.5477620460049629
813			0.48695160639491525
814			0.4219024784847956
815			0.37624972447621446
816			0.3586756869885749
817			0.3590247109895917
818			0.36594019749837964
819			0.36917465441303204
820			0.3618102732351954
821			0.3375514925728908
822			0.2922762174050053
823			0.23887730767929388
824			0.19826277141401627
825			0.19065167868960375
826			0.2165719561823866
827			0.25518881756035633
828			0.28461752396791445
829			0.29136863071833635
830			0.28315182971490793
831			0.27097137221765094
832			0.26410092085498155
833			0.260710512264711
834			0.2545844710975243
835			0.23985516089754497
836			0.21772630785060212
837			0.1958731017899218
838			0.18219170679246452
839			0.18179113876250982
840			0.19396800542499185
841			0.21729177417931222
842			0.24770107486911513
843			0.2675565179795894
844			0.2548510242961111
845			0.19008103057188822
846			0.09013829850829555
847			-0.0006182788104712162
848			-0.037520181281839086
849			-0.004063617733065211
850			0.06859449668074172
851			0.14469066832152122
852			0.1953374961268656
853			0.21959346989028883
854			0.22361569839257572
855			0.2136139067825445
856			0.1963609565350929
857			0.17897123792371208
858			0.16840806951818135
859			0.16503393902553554
860			0.16030934174173572
861			0.14506929788030537
862			0.11809208173866224
863			0.10297888561882815
864			0.12816650440666416
865			0.214604737767427
866			0.32438355719727474
867			0.3917658694650065
868			0.35355755311185993
869			0.2151308242296443
870			0.0541021108675991
871			-0.04859729247819762
872			-0.048012223336244456
873			0.01591807173696791
874			0.09101448190685102
875			0.133048045442511
876			0.14333009538312083
877			0.13935899831582488
878			0.13784289812825198
879			0.1425455249663363
880			0.14682399959484715
881			0.1437649458531415
882			0.12852911316153645
883			0.09992102328145401
884			0.05711474763560803
885			0.005835701513261688
886			-0.021279842142510642
887			0.015313196843228061
888			0.14752319608032557
889			0.32747628300276993
890			0.4597983264126228
891			0.4506888998703466
892			0.29047310252688807
893			0.07785295343755251
894			-0.08135441045733544
895			-0.11899947421489827
896			-0.07537274644239268
897			-0.010160612523998394
898			0.024797990197703176
899			0.03214290739854421
900			0.03761953705684275
901			0.06580845621299386
902			0.116197947118622
903			0.16504537368563882
904			0.18781530683811168
905			0.17098015231434038
906			0.12295127622633523
907			0.054740661521696515
908			-0.019629272573503474
909			-0.0722607481719838
910			-0.07126102191256181
911			0.010556551025831355
912			0.14557200342449073
913			0.27076159337456324
914			0.32352902058576793
915			0.28582144914369767
916			0.20046196484037118
917			0.11465146795386495
918			0.06324427554433854
919			0.04402867816228843
920			0.047866119078188
921			0.06529005767950584
922			0.08451169808353287
923			0.09273992620950551
924			0.07806619913904767
925			0.046241437132218295
926			0.01928027870306529
927			0.019674963125495
928			0.05442583977655966
929			0.1005205515207924
930			0.13150889590514248
931			0.1272093934758437
932			0.09475571892377226
933			0.04871954978198192
934			0.003451753904529176
935			-0.02903221042903947
936			-0.038119725229773076
937			-0.01370205966001972
938			0.03718734631885636
939			0.08618467312232479
940			0.10362658739439919
941			0.07860006090188175
942			0.04969895538921236
943			0.06359309771349131
944			0.1549738056364868
945			0.28667780969534545
946			0.3948710228347465
947			0.41567532237655364
948			0.2852125856426307
949			-0.06039531004515878
950			nan
