Nom de l'instrument : SAM_80E0
Fichier_calib_utilise: /Users/mdlemineahmedou/Documents/Stage/pipeline_LOG/data/calibration/ALL_2023/Cal_SAM_80E0.dat
Date : 2017-07-06
Heure : 15:23:04
InclX : 
InclY : 
Pressure : 
Comment : J5-3
Mission : VITEL

l_onde		data
310			nan
311			nan
312			nan
313			nan
314			nan
315			nan
316			nan
317			334.2445357202399
318			326.9809230264871
319			322.5756068280584
320			320.5789937007988
321			320.541490220553
322			322.01350296316605
323			324.54543850448283
324			327.695345935674
325			331.2130182225299
326			335.04930542937547
327			339.1640491198023
328			343.31175206941316
329			346.7289428367412
330			348.5717418329237
331			348.2281822607106
332			346.6407215658405
333			345.3906363148569
334			346.0057852902062
335			348.7648842743102
336			352.71101485360487
337			356.83565903528006
338			360.44329376822026
339			363.5836106973575
340			366.4148242949345
341			369.12532192287335
342			372.09444648604114
343			375.77602262073145
344			380.604182584464
345			386.59741367315644
346			393.380224911008
347			400.56144662085495
348			407.71336231979245
349			414.3247111084745
350			419.8726107836904
351			423.9187264022563
352			426.5393682185351
353			428.0044922534001
354			428.58743129493246
355			428.62189768974906
356			428.4972657861201
357			428.6055048334538
358			429.4473577919973
359			431.7661322144156
360			436.3379370353059
361			443.7401629308129
362			453.3666127590807
363			464.1746767127471
364			475.1212951302094
365			485.1680504061256
366			493.2807458782633
367			498.4285262985625
368			500.2254206465411
369			499.70938285411063
370			498.1087454250102
371			496.58980629935763
372			495.9514681540335
373			496.8578845170443
374			499.91753018450095
375			504.65820867131043
376			509.6255301320991
377			513.3319625517648
378			514.8215261120413
379			514.3167246873056
380			512.1983659430322
381			508.98201024505096
382			505.9888469797323
383			504.8381639066993
384			507.08458439676525
385			512.9875784979498
386			521.6152061640034
387			531.9911286515387
388			543.1286047299951
389			554.0174292075051
390			563.6441822215164
391			571.3815415811179
392			578.9657878825317
393			589.0272612742037
394			604.1378345047715
395			625.6241323351811
396			653.6397216762946
397			688.2889756837913
398			728.7766163639433
399			772.2170342280659
400			815.4284416695305
401			855.433285297753
402			890.5515719053404
403			919.6112223505822
404			941.5234051083736
405			957.0044022743745
406			968.5309806762269
407			978.6505803576671
408			989.1282305654084
409			999.8342366580999
410			1010.357718821973
411			1020.2994126194883
412			1029.3376240917087
413			1037.1824336802483
414			1043.5435414665226
415			1048.1192945042558
416			1050.5964600051993
417			1050.662006508324
418			1048.3117961180321
419			1044.3300184564355
420			1039.6248080016555
421			1034.9229012842252
422			1029.6620498682014
423			1022.7218913497614
424			1013.0207264955543
425			1000.5557268659094
426			986.485756618073
427			972.027231336931
428			958.4331999428988
429			947.0562780860838
430			939.2658366674381
431			936.2424598436914
432			937.7225403075352
433			942.7755211211683
434			950.4638610109444
435			959.7488070573913
436			969.4755591494135
437			978.4833062843632
438			986.03109604764
439			992.60533681324
440			998.9155205521687
441			1005.615031865311
442			1012.8898937284912
443			1020.6941000652748
444			1028.975951202983
445			1037.5449641994032
446			1046.0398598054828
447			1054.0888780962534
448			1061.3929261519054
449			1067.883506697022
450			1073.5377576174872
451			1078.3278993810418
452			1082.1810483880058
453			1085.000082892351
454			1086.6944901022673
455			1087.4546475740274
456			1087.8446952304757
457			1088.4546496330322
458			1089.7010116576148
459			1091.3974636445007
460			1093.2268632366877
461			1094.8790118352986
462			1096.1146331194714
463			1096.7359467393806
464			1096.54964669389
465			1095.561243673412
466			1094.0642248265503
467			1092.3746313281547
468			1090.7998270349667
469			1089.61392197889
470			1089.083061463391
471			1089.4576028508814
472			1090.8062810965619
473			1093.081557148024
474			1096.232199275482
475			1100.0922081732438
476			1104.3135033320948
477			1108.5318410031355
478			1112.3766078583656
479			1115.4500952869932
480			1117.3473912870093
481			1117.6873585835626
482			1116.4005611147159
483			1113.6368101992723
484			1109.5544292055106
485			1104.6471886092972
486			1099.9951216592067
487			1096.737328936989
488			1095.878310071408
489			1097.7836084765288
490			1102.6293656284897
491			1110.5325773361737
492			1120.715888134919
493			1131.7084218637196
494			1142.024714007097
495			1150.6029225672767
496			1157.2010705039136
497			1161.6709783002923
498			1163.9476055129956
499			1164.4085264213095
500			1163.5780258097193
501			1161.9783335472787
502			1160.0936329825076
503			1158.3754930797031
504			1157.2733162686895
505			1157.0350842888283
506			1157.4750453031872
507			1158.3511136007437
508			1159.3764311220255
509			1159.9955559948203
510			1159.5533501317582
511			1157.4096820185173
512			1153.2429431553728
513			1147.0340145648163
514			1138.7766435536278
515			1128.7419192157786
516			1117.8682256106415
517			1107.1922667279864
518			1097.68403808678
519			1089.8605550904965
520			1084.0504786888894
521			1080.5611763683085
522			1079.176410475455
523			1079.1281853926982
524			1079.6224186303427
525			1080.003429450675
526			1079.9889417028326
527			1079.359022879447
528			1077.9426414595978
529			1075.9463151868608
530			1073.7523093238854
531			1071.7330672617013
532			1069.9250715944477
533			1067.9715354296122
534			1065.4933939817722
535			1062.2314828787887
536			1058.290383414773
537			1053.8433966635946
538			1049.0796649676215
539			1044.3279984813514
540			1039.9898873403554
541			1036.4632142240137
542			1033.9807660143497
543			1032.560515442643
544			1032.2060396469005
545			1032.888526913342
546			1034.4684883605826
547			1036.7828145492974
548			1039.670695225453
549			1042.9945681067095
550			1046.6303671110181
551			1050.45389411569
552			1054.325999185629
553			1058.0859054393914
554			1061.571145515484
555			1064.6230439880503
556			1067.0975252018109
557			1068.854026729552
558			1069.7704489703306
559			1069.9396799974606
560			1069.593479467135
561			1068.9663346377133
562			1068.3196137583132
563			1067.9578902082665
564			1068.189639893443
565			1069.161217236589
566			1070.3166685112587
567			1070.9099090968111
568			1070.2457156153596
569			1068.3136332878626
570			1065.5938501650512
571			1062.5767236010104
572			1059.7061423737316
573			1057.3430883486753
574			1055.8399684279846
575			1055.4207464566487
576			1055.6848478681784
577			1056.0421495678381
578			1055.9338271648821
579			1055.290636412532
580			1054.431043030509
581			1053.6823218116883
582			1053.1379210400805
583			1052.4289915163665
584			1051.132410504723
585			1048.8645892810232
586			1045.4571016387447
587			1040.8143655135261
588			1034.8548610210069
589			1027.7516652824743
590			1019.899790277726
591			1011.7025645311637
592			1003.7340943597975
593			996.9417097693378
594			992.3220526062998
595			990.7200581078264
596			992.0595584881514
597			995.9186205109884
598			1001.8666105828728
599			1009.301468808673
600			1017.4574005152314
601			1025.5624753837644
602			1032.9706076846055
603			1039.338685913165
604			1044.3682698410923
605			1047.7932575678549
606			1049.56571960704
607			1049.7279177957523
608			1048.3239614082431
609			1045.4366231906513
610			1041.1889301857384
611			1035.7058722354002
612			1029.1563017276762
613			1021.8248905797844
614			1014.0152055674638
615			1006.0213434014154
616			998.0667492601141
617			990.3429412520157
618			983.0363520636579
619			976.191018546285
620			969.6903046163478
621			963.4089628923912
622			957.2116698053882
623			950.9340816082622
624			944.4066616332198
625			937.4844067332715
626			930.223538669732
627			922.7788935237261
628			915.3083967849504
629			908.0510410044071
630			901.3443132595762
631			895.5316061015166
632			890.8822332321295
633			887.4343577263994
634			885.1811833827462
635			884.1049163477907
636			884.0892888722108
637			884.9661382580006
638			886.5667598530891
639			888.7194872579066
640			891.2488072631949
641			893.9789418018485
642			896.6887336778296
643			899.0048306030707
644			900.5220093104737
645			900.8750010801068
646			900.0858261911931
647			898.3940162642116
648			896.0412265618728
649			893.2561785899629
650			890.2497793137966
651			887.2316350064316
652			884.3606444568115
653			881.6145825198137
654			878.9307998718571
655			876.2744138048779
656			873.8990270651145
657			872.2292713713828
658			871.689998925784
659			872.6044085607076
660			875.1485322130377
661			879.4868830932483
662			885.6769282717773
663			893.3731009866664
664			902.1349984722749
665			911.5108690553873
666			920.9240334236556
667			929.7204192788575
668			937.2514078217337
669			943.2361996497895
670			947.9482602054709
671			951.7069274785525
672			954.8028582298086
673			957.4141787967138
674			959.6914210797681
675			961.7821804426133
676			963.8002550545984
677			965.8377988323371
678			967.9854432584098
679			970.2634673403577
680			972.5829756700422
681			974.8456665062322
682			976.8788739272507
683			978.2096435811858
684			978.2892343552109
685			976.5943955702766
686			972.904066239827
687			967.1949672300235
688			959.4515177270002
689			949.928119848586
690			939.3056686522739
691			928.3027003208251
692			917.6268799191145
693			907.9412916084923
694			899.89759334024
695			894.0948226226684
696			890.4999492032022
697			888.6622789221892
698			888.124128444129
699			888.4553554521951
700			889.2695584155863
701			890.1842241758184
702			890.9077948159812
703			891.5221393085278
704			892.2049478964539
705			893.1358140615212
706			894.5170860932304
707			896.5660977771433
708			899.4967426377384
709			903.2904962048041
710			907.5626116853377
711			911.8961305193164
712			915.8237348421962
713			918.6742284009032
714			919.7248276748227
715			918.2442372836747
716			913.4017496371255
717			904.3023002333225
718			890.0658722391499
719			870.7660791694987
720			847.946563896552
721			823.27648169527
722			798.3549392371946
723			774.5058589997287
724			752.9855976491522
725			734.9626417740117
726			720.6223085672481
727			709.5333466013417
728			701.2550583322044
729			695.3500679405023
730			691.3859356061068
731			688.9306241141962
732			687.7526312433678
733			688.3720551593809
734			691.485045877359
735			697.6993695906987
736			706.693921663818
737			717.5920446730191
738			729.5120802074673
739			741.6891725049991
740			753.5232219275208
741			764.4265649591197
742			773.94980519233
743			782.1292883887706
744			789.1079698314978
745			795.0279215891238
746			800.0226673685986
747			804.2209355967149
748			807.7485449778295
749			810.6166228865088
750			812.6851696282546
751			813.8038915069845
752			813.9043953851045
753			813.183112204294
754			811.8899006828208
755			810.2078027063698
756			807.7357512665944
757			803.7708389552433
758			797.6004791273347
759			788.2735423296926
760			774.5501123793719
761			755.1735554395189
762			729.5689807251584
763			699.1534363875659
764			665.7058362659137
765			631.1392305474734
766			598.4057771633288
767			570.9427316634321
768			552.122454951769
769			543.4809536303801
770			544.5468000220521
771			554.7452544244327
772			572.8521786234536
773			595.960017794887
774			620.8920071054151
775			644.7169184474755
776			666.157640942178
777			684.6199711134196
778			699.5351743711483
779			710.8419113960506
780			718.9706561080208
781			724.3722012767978
782			727.5235257522997
783			728.9607573151998
784			729.2281404585356
785			728.8006559499617
786			727.7550973128874
787			726.0262434166684
788			723.5517872627486
789			720.3226260103331
790			716.3745048016168
791			711.7452518504977
792			706.5537288162252
793			701.0754906183057
794			695.6039998951808
795			690.3970678542343
796			685.5410035790138
797			681.0706099748764
798			677.0234485893449
799			673.4744466495171
800			670.5253505511467
801			668.2764638179153
802			666.6889447120915
803			665.4976314714626
804			664.4165943653834
805			663.2494284595742
806			662.1524558219362
807			661.3688573129867
808			661.1073022848976
809			661.214692560275
810			661.3219847087014
811			661.057113560017
812			660.0424977740379
813			657.8931439177073
814			654.2235374939223
815			648.6478757787912
816			640.7794467734492
817			630.2313596161887
818			616.7469799372402
819			601.1203574816562
820			584.6532482262506
821			568.6388555601253
822			554.0510249183919
823			541.5158538754094
824			531.6413560595213
825			524.8395886786288
826			521.0367664412478
827			520.0851008899441
828			521.763340026109
829			525.3994201858671
830			530.1503718609043
831			535.2012289753608
832			540.2441168988927
833			545.409002468272
834			550.8394792377462
835			556.5913629528962
836			562.5520865709663
837			568.5900261224909
838			574.6586192512544
839			581.1022177826235
840			588.3774003134788
841			596.8991141257333
842			606.575437709631
843			616.9762790016682
844			627.6669168783726
845			638.291387985767
846			648.608832457449
847			658.387524327319
848			667.4246861522647
849			675.6149634290327
850			682.8734741188623
851			689.1214279127064
852			694.3311180501605
853			698.5003412765661
854			701.6285575204715
855			703.7553148693512
856			704.9640035733294
857			705.3407065304712
858			705.118335190251
859			704.8850567848524
860			705.2817087562445
861			706.8529616161579
862			709.5869196599958
863			713.2719278363132
864			717.7018405475687
865			722.7619178613651
866			728.410486189949
867			734.6047940297192
868			741.0496062643101
869			747.0153304102884
870			751.7294879380524
871			754.686280054181
872			756.4323289411864
873			757.7738353161461
874			759.4643151622637
875			761.7420616004264
876			764.5539789598653
877			767.8424770358778
878			771.5105739442143
879			775.4137260147587
880			779.4044864107561
881			783.3023170488354
882			786.8394495461645
883			789.7339106376529
884			791.7672557709897
885			793.1146905690541
886			794.1020034229095
887			795.0377669973171
888			795.9364699031099
889			796.5686774780693
890			796.6994536761295
891			796.2534415113465
892			795.4343102736119
893			794.4738583541288
894			793.4200062647755
895			791.5996847709424
896			788.1631362465893
897			782.303068705135
898			773.612967089948
899			761.9066754007828
900			747.0077157923287
901			728.9614053025359
902			708.0680704471963
903			684.6434392292659
904			659.4402320082932
905			634.2772822125768
906			611.1329447805718
907			591.7297219760724
908			576.3693274890791
909			564.8631219927212
910			556.9859144585638
911			552.0046654555508
912			548.8112083095396
913			546.2920274246736
914			543.528161526075
915			539.8959225958777
916			534.7963784399544
917			527.9267339365504
918			519.9508884845052
919			511.7296734578698
920			504.0949433513302
921			497.66175008438836
922			492.94692915648955
923			490.4491122477632
924			490.30452832118556
925			492.31042025822654
926			496.2495257238985
927			501.73654718913497
928			508.0654554168932
929			514.4941432363788
930			520.1769902678427
931			523.8396336926445
932			524.0967233262371
933			519.6367408608236
934			509.8551027884726
935			494.54041329323553
936			473.51163676186013
937			447.331965142998
938			417.3983267536759
939			385.152019465181
940			352.0961923601813
941			319.87490220710737
942			290.15173072797467
943			264.39236942025826
944			243.0854438319271
945			226.41855627046874
946			214.5792247175605
947			207.7549671548799
948			206.1333015641042
949			nan
950			nan
