Nom de l'instrument : SAM_80E0
Fichier_calib_utilise: /Users/mdlemineahmedou/Documents/Stage/pipeline_LOG/data/calibration/ALL_2023/Cal_SAM_80E0.dat
Date : 2017-07-01
Heure : 18:48:51
InclX : 
InclY : 
Pressure : 
Comment : J1-4
Mission : VITEL

l_onde		data
310			nan
311			nan
312			nan
313			nan
314			nan
315			nan
316			nan
317			282.21703259103896
318			276.6746032626656
319			273.40412174712225
320			272.0690247517166
321			272.3327489837565
322			273.8587311505498
323			276.31040795940413
324			279.35607250360084
325			282.78586025730203
326			286.5176671022812
327			290.47501705510456
328			294.41687932246435
329			297.68712789380606
330			299.5651991160985
331			299.52950354524734
332			298.39210104537466
333			297.51313909720994
334			298.206976821917
335			300.71720467815726
336			304.22822424441455
337			307.88022502558596
338			311.087276782369
339			313.9155351860985
340			316.5261167389238
341			319.0990109711044
342			321.93364938110733
343			325.3760515080496
344			329.7570834136283
345			335.0882793101331
346			341.0784876521602
347			347.4244071332191
348			353.76994755850217
349			359.63834561883453
350			364.53605197684055
351			368.05559162653833
352			370.31343015174065
353			371.62317648394946
354			372.2967652093712
355			372.60559945638687
356			372.7837176868052
357			373.0645052570526
358			373.83861975952476
359			375.8474347410728
360			379.8797501592087
361			386.5270103011959
362			395.20518736160494
363			404.89683330086854
364			414.5892768922996
365			423.37629285129464
366			430.44844538492
367			435.00235305703876
368			436.74666804737524
369			436.5206290981861
370			435.3146342208601
371			434.081312344454
372			433.54960771104606
373			434.36642398080556
374			437.127011102083
375			441.4227987110861
376			445.9328708837685
377			449.3054993294257
378			450.6771293956647
379			450.26651720851515
380			448.4378039344948
381			445.67128514876765
382			443.1416941796739
383			442.28071980188076
384			444.46176508763057
385			449.89121456228133
386			457.7019136940875
387			466.9868335219324
388			476.8589314371321
389			486.47624626127697
390			495.0029931793764
391			501.93159278366346
392			508.76366507948404
393			517.7608325300396
394			531.1356768986535
395			550.0559114880101
396			574.7049547758486
397			605.2247404834533
398			640.9491631748066
399			679.334645572966
400			717.5715922705251
401			753.029115966559
402			784.2117146441257
403			810.0683189709284
404			829.6216676932296
405			843.4952306553704
406			853.873632980651
407			863.0041837226722
408			872.4443776882982
409			882.0812220881159
410			891.5538165902257
411			900.5119933219622
412			908.6772585418272
413			915.8004776484717
414			921.6311519110773
415			925.8841501064338
416			928.2390166203473
417			928.3744220253573
418			926.2755251679507
419			922.7096738659901
420			918.5671956599168
421			914.5625614285227
422			910.1606325807242
423			904.2852056428618
424			895.8968090837935
425			884.9820981691022
426			872.6326277596088
427			859.9946344057506
428			848.2130301543053
429			838.4291271478688
430			831.7836317313199
431			829.2594492841428
432			830.6323304770584
433			835.1205435368028
434			841.9360269365803
435			850.1914517801265
436			858.885671246839
437			867.011592177916
438			873.9156583218235
439			879.9777979136048
440			885.765784065588
441			891.8065857906863
442			898.2872832392469
443			905.2262133734184
444			912.6358116326478
445			920.366773066699
446			928.0707437958977
447			935.3871516887912
448			942.0297122431163
449			947.9478793592845
450			953.1377598571885
451			957.587975127752
452			961.2184879115248
453			963.9123649768984
454			965.5589276718631
455			966.3188265747581
456			966.7137522781065
457			967.2903921281481
458			968.437932715712
459			969.9983802746216
460			971.6949910329691
461			973.2570918535994
462			974.476013954614
463			975.1793667307605
464			975.1984159212013
465			974.5253936393681
466			973.3856840846122
467			972.0229317288369
468			970.6866277127142
469			969.6486691895475
470			969.1863198473701
471			969.5591493894652
472			970.8231782347426
473			972.9041152871215
474			975.7243550048062
475			979.1303588335196
476			982.8481188774439
477			986.5929332492648
478			990.0641654200444
479			992.8933951636396
480			994.6941816821086
481			995.1033600697747
482			994.0629277700552
483			991.729530238526
484			988.2675150633463
485			984.1160044858552
486			980.1943459346074
487			977.4702706388241
488			976.8042757608222
489			978.5478139728506
490			982.9014449584172
491			990.011339352449
492			999.2011869497346
493			1009.1568884549657
494			1018.5507001136991
495			1026.4171641281707
496			1032.4919789140754
497			1036.591059410456
498			1038.617426770495
499			1038.9378370831644
500			1038.0727575166602
501			1036.5388588809778
502			1034.783874359877
503			1033.1964421608047
504			1032.1623439290684
505			1031.8962823998986
506			1032.2445638576676
507			1033.0056467824443
508			1033.9366919055883
509			1034.5471198422886
510			1034.2543920100702
511			1032.4888649751506
512			1028.9548202485996
513			1023.6166757269121
514			1016.4499524495056
515			1007.6804361604871
516			998.1360590715001
517			988.733474277524
518			980.3325327949274
519			973.4073743230524
520			968.2717552642114
521			965.2196085711155
522			964.0561705997756
523			964.0717052222564
524			964.5321415342953
525			964.8404704433894
526			964.7694723175089
527			964.1536675864837
528			962.8669921690818
529			961.0876966807391
530			959.1356888873258
531			957.322355945212
532			955.6695066494291
533			953.859974728387
534			951.5573985676866
535			948.5399417218421
536			944.9332063631987
537			940.9284336737514
538			936.7257422040224
539			932.6035196557553
540			928.880883232666
541			925.8738514395742
542			923.7638984975939
543			922.5574365335615
544			922.2491471049267
545			922.8158840062408
546			924.1735811107392
547			926.2251708518644
548			928.8694643301272
549			931.9636002190215
550			935.3405249988798
551			938.8333865572774
552			942.3003652215908
553			945.6358493197953
554			948.7370573920921
555			951.493584301942
556			953.7656721120118
557			955.4064995490786
558			956.2859331639327
559			956.4681584279941
560			956.1428813858238
561			955.5025015951187
562			954.7788414655668
563			954.2670867504565
564			954.2681465310402
565			954.9346057029935
566			955.7765107257155
567			956.1299581940258
568			955.3753958466691
569			953.4903934316935
570			950.8803639610746
571			947.9598004172226
572			945.1219245046389
573			942.7220067762053
574			941.1113925423465
575			940.5199396853948
576			940.5867885585592
577			940.7717956852664
578			940.5644615361607
579			939.9179818510701
580			939.1527634985785
581			938.5973680814593
582			938.3345350669945
583			937.9609899322769
584			937.016400309638
585			935.0895833642156
586			932.0368509262292
587			927.8050762286331
588			922.3528068087535
589			915.8495189996645
590			908.6485579600803
591			901.1102210893922
592			893.7483047123595
593			887.4120670089524
594			882.9950887520027
595			881.2623977865715
596			882.1984990071198
597			885.4949030795123
598			890.8326619739308
599			897.6821200653015
600			905.3123681227613
601			912.9848383069918
602			920.0796439927316
603			926.2626267621296
604			931.2417566776664
605			934.7568471741064
606			936.7625448539653
607			937.3023072164658
608			936.4203455991765
609			934.1725663759577
610			930.6270521541237
611			925.8526047709609
612			919.9977051923236
613			913.4212279878876
614			906.5163714498145
615			899.6452110743684
616			892.9376303708913
617			886.41858646439
618			880.1119412526953
619			874.0247539015656
620			868.1451241439303
621			862.4600916859055
622			856.9113333171367
623			851.3098772160263
624			845.4433730731265
625			839.1297145498038
626			832.4348575526406
627			825.5463258884812
628			818.6539974318302
629			811.9988087356446
630			805.8837314171319
631			800.6154479331119
632			796.4350828415461
633			793.379198270055
634			791.444568529098
635			790.6174539663493
636			790.7899720255101
637			791.8046275994228
638			793.5031559761982
639			795.7146878749944
640			798.2519828091231
641			800.9267002263622
642			803.5145131165592
643			805.6704010493587
644			807.0240693400718
645			807.244762294783
646			806.3849851310555
647			804.7124921313335
648			802.496210889848
649			799.9509577960782
650			797.2170182078323
651			794.4292448498259
652			791.6987547131893
653			789.0518822461988
654			786.4960396897474
655			784.0580863620206
656			781.9669299339938
657			780.571262702429
658			780.2198583287128
659			781.1866233868462
660			783.6370769290285
661			787.7282543824169
662			793.5185775622035
663			800.6951833223136
664			808.8578431911752
665			817.5947879445324
666			826.3672089072319
667			834.557596145559
668			841.5536040575154
669			847.095692808456
670			851.455963460482
671			854.9505171991378
672			857.8638083279786
673			860.3561250269161
674			862.5573077607208
675			864.5945052055396
676			866.5638856999634
677			868.5417772890343
678			870.603170014411
679			872.7620285038888
680			874.9376168946752
681			877.0410400464322
682			878.9087990329198
683			880.0761389519193
684			880.00227395121
685			878.1739612195934
686			874.4044813434153
687			868.7208230669303
688			861.157168208924
689			851.9683288976904
690			841.7576476989506
691			831.1592275419265
692			820.8145269126054
693			811.3951683858842
694			803.5805056768829
695			797.9952883288529
696			794.6083697806687
697			792.9551940386373
698			792.5640905349509
699			793.0008234272095
700			793.890610894426
701			794.8639563286151
702			795.6412296756504
703			796.3117580419248
704			797.0595428727812
705			798.0686170964386
706			799.5233893343675
707			801.6085156260694
708			804.5053194871168
709			808.185747277649
710			812.2918286131759
711			816.4365746669848
712			820.1848954412025
713			822.9069645460177
714			823.9236815198406
715			822.5485034882633
716			818.0079657162204
717			809.4723324885267
718			796.1260096064731
719			778.0454196272058
720			756.682036584625
721			733.6047376200275
722			710.3159912645726
723			688.057381478236
724			668.0064373877698
725			651.2564675052143
726			637.958444418946
727			627.672379726224
728			619.949848513752
729			614.3787529158059
730			610.6009761430898
731			608.262785043562
732			607.1868213347359
733			607.856775551509
734			610.9111796429235
735			616.9070960589365
736			625.5453825768253
737			636.0148054340475
738			647.4993379621064
739			659.281986914216
740			670.7854507620569
741			681.4429730844147
742			690.8175193172252
743			698.9277769909796
744			705.8924544239484
745			711.8332259881294
746			716.900473579722
747			721.2606828381385
748			725.0763427259941
749			728.3423338402449
750			730.8326817132217
751			732.3063660480269
752			732.6342065030169
753			732.0486553520402
754			730.8551235917334
755			729.2925700530061
756			727.0190325693395
757			723.3923559314982
758			717.7601700210538
759			709.2132356538352
760			696.5313406256234
761			678.476212304342
762			654.4771378754166
763			625.9139024268115
764			594.5206283468976
765			562.1455011486744
766			531.5203137920793
767			505.789363013561
768			488.03898474805175
769			479.7185496751812
770			480.48795889130645
771			489.91487057743126
772			506.9182810967091
773			528.7356799119145
774			552.3356518752798
775			574.9230693617421
776			595.2946124932272
777			612.9041441326344
778			627.2285044461087
779			638.1994776588684
780			646.1898207924015
781			651.5905508541949
782			654.8254894026651
783			656.3925566814146
784			656.7998411265476
785			656.4940809802781
786			655.5693210005477
787			653.9938167748007
788			651.7368470119615
789			648.7879828544466
790			645.1539007753524
791			640.8425751356611
792			635.952847345463
793			630.7592671796208
794			625.5564652767551
795			620.6024433827841
796			615.9789990154638
797			611.715011360284
798			607.8431740006865
799			604.4477985801523
800			601.6502455386424
801			599.570442225458
802			598.1745062112425
803			597.1783831777935
804			596.2750621017434
805			595.2500107834572
806			594.2530628703629
807			593.5237768604114
808			593.2680448971427
809			593.3388509364039
810			593.3785219743728
811			593.0264811731915
812			591.9186143681593
813			589.6860542787425
814			585.9596068785631
815			580.3882986595057
816			572.6786367568932
817			562.548435283189
818			549.8252189716243
819			535.2214681131346
820			519.8772867203237
821			504.92632798658576
822			491.25354632293505
823			479.47308882695114
824			470.18491149882686
825			463.79726525763823
826			460.24309903671957
827			459.38296412660634
828			461.00783339705015
829			464.48170923368883
830			469.00672653566784
831			473.81063294215096
832			478.58516553947936
833			483.4226870251619
834			488.42821800292216
835			493.64839242699395
836			499.01784206117105
837			504.4585226852251
838			509.9659860877501
839			515.8740062289804
840			522.6134565967857
841			530.575408283334
842			539.6663417148044
843			549.4694301882884
844			559.5630065770034
845			569.5793512382573
846			579.2295880974868
847			588.2311082000667
848			596.3860054974771
849			603.7814318742401
850			610.5644413120752
851			616.8487587306606
852			622.4686208184994
853			627.1187295234836
854			630.5026249653178
855			632.5919950114089
856			633.6517856254138
857			633.9619954137892
858			633.8502869305004
859			633.7596469823033
860			634.1501603455954
861			635.4326173660963
862			637.7325168168393
863			641.0729623621531
864			645.4623223896764
865			650.6775591172728
866			656.3106571366756
867			661.9489238071726
868			667.2196012945337
869			671.8186331634336
870			675.4487461914234
871			677.9530293077762
872			679.7284945662409
873			681.3087785806994
874			683.1894130335481
875			685.4932878488345
876			688.1325421481326
877			691.0175459301158
878			694.0793185260205
879			697.2738114137925
880			700.55837408453
881			703.8428963691848
882			706.9121618911682
883			709.5305815483739
884			711.5061545204692
885			712.9169710059081
886			713.9444389604683
887			714.7631871285204
888			715.4305496985243
889			715.9065727822602
890			716.1481187781311
891			716.0915146904897
892			715.6371810926065
893			714.6819187515396
894			713.0788701905243
895			710.5099928709416
896			706.6152930151111
897			701.0220901813431
898			693.2379713084199
899			682.7046907856771
900			668.8800973064762
901			651.7252135694852
902			631.779588425415
903			609.6155929653648
904			586.0973466319232
905			562.8007358485384
906			541.4081480721736
907			523.3935447551984
908			509.0734662434777
909			498.3649951860496
910			491.14122740571213
911			486.66157421879853
912			483.73214281417484
913			481.15446543196214
914			478.0723113539016
915			474.14885979023785
916			469.0907525373444
917			462.797643127731
918			455.79924260828204
919			448.7536153662175
920			442.28175907907183
921			436.7273414188819
922			432.30839335668566
923			429.24774920870715
924			427.879211529519
925			428.6403809041981
926			431.9676863981019
927			437.7105983001666
928			444.59824843746355
929			451.2337458716129
930			456.319814687071
931			458.9717754694789
932			458.41175651627395
933			453.8936943970623
934			444.9760853086345
935			431.3868174439124
936			412.8772986709646
937			389.8169057172385
938			363.2673077472814
939			334.32754850295873
940			304.2723409834541
941			274.776602936666
942			247.5707067090179
943			224.171667924295
944			205.04307175375692
945			190.32395306722105
946			180.15325581804578
947			174.66992395958957
948			174.0129014452108
949			nan
950			nan
