Nom de l'instrument : SAM_839E
Fichier_calib_utilise: /Users/mdlemineahmedou/Documents/Stage/pipeline_LOG/data/calibration/ALL_2023/Cal_SAM_839e.dat
Date : 2017-07-01
Heure : 19:02:51
InclX : -6
InclY : 9.52
Pressure : +INF
Comment : 
Mission : VITEL

l_onde		data
310			nan
311			nan
312			nan
313			nan
314			nan
315			nan
316			nan
317			-0.15396360300659737
318			-0.2808334417452522
319			-0.3269324936067123
320			-0.3130162880722758
321			-0.2598403546232411
322			-0.18816022274090652
323			-0.11873142190657023
324			-0.07155897620784657
325			-0.05116061087233554
326			-0.04749270822516104
327			-0.049952635851399675
328			-0.04930507762371489
329			-0.039404921539327516
330			-0.014531378029623234
331			0.02853804377831675
332			0.0780490011115417
333			0.11669138163253238
334			0.12816117885689288
335			0.1159052397751058
336			0.10130700248304077
337			0.10632994679906818
338			0.13903342033948135
339			0.17702875239809085
340			0.19389496256886757
341			0.16992342252145518
342			0.12451101275024577
343			0.09117779115279162
344			0.10179347276011318
345			0.15676396657684985
346			0.2284607730218179
347			0.2883368698580378
348			0.319221892082868
349			0.32848886148721973
350			0.3267053610104445
351			0.32353943403412583
352			0.3234738849377771
353			0.32913749144646937
354			0.3430311740461785
355			0.36530628065679255
356			0.39402930448323614
357			0.42719231031602933
358			0.4624052210829933
359			0.496452948625536
360			0.5260129309952941
361			0.5482131087910277
362			0.5627948492634506
363			0.5704395965423582
364			0.5720168194732332
365			0.5719509568752688
366			0.5778527473787769
367			0.5974193777765123
368			0.6331819895280701
369			0.6763432131111949
370			0.7166030240758929
371			0.7453730576947833
372			0.7642206158181817
373			0.7784441405604241
374			0.7931151732609328
375			0.8087000598727772
376			0.8214395422130684
377			0.8274360153677996
378			0.8268770364151168
379			0.8291793454830725
380			0.8450264152729647
381			0.8822258771265203
382			0.9308627027195778
383			0.9742766509152956
384			0.996434795214497
385			0.9947917766480959
386			0.9796331355288173
387			0.9617472210757725
388			0.9501943587725312
389			0.9499579246311599
390			0.9654336101109839
391			1.0002495444972435
392			1.0530475548196978
393			1.1204775239758544
394			1.1992647148350555
395			1.287981899269351
396			1.3870458275122781
397			1.4969448866757176
398			1.6150680345885644
399			1.7310675447428248
400			1.833408444336676
401			1.9135962549361554
402			1.9842583946245818
403			2.066985835016475
404			2.182330821669236
405			2.323469217249322
406			2.4545876298753098
407			2.538509211544478
408			2.555747926593473
409			2.534127594356692
410			2.5092964295447424
411			2.5130894133820125
412			2.5486139748586476
413			2.605885222705375
414			2.674894048866509
415			2.74686899282104
416			2.8144436695124813
417			2.8703309256322
418			2.910712964563643
419			2.9418325983867013
420			2.971745886440508
421			3.006946789495254
422			3.040987708660475
423			3.0610251160556485
424			3.0546503119792745
425			3.0259962749689633
426			2.9995292490315055
427			3.000960745810691
428			3.046674239709745
429			3.123380280925694
430			3.211902428861604
431			3.294874009624422
432			3.37165112067185
433			3.4506300399989858
434			3.540157876429031
435			3.6428021376916817
436			3.753366029730046
437			3.8661073262057855
438			3.976627199656378
439			4.085266115221023
440			4.193409117512659
441			4.302516787538967
442			4.414839661242594
443			4.533098963833302
444			4.659949572057816
445			4.794178959576382
446			4.928845827826333
447			5.056545878216878
448			5.172095447366981
449			5.2790857418195
450			5.38327509336304
451			5.489814112283003
452			5.596547808166105
453			5.696490961431778
454			5.782653336972521
455			5.85379966372852
456			5.918175177487162
457			5.984909837905027
458			6.0614784184230075
459			6.147966751112474
460			6.242399610956443
461			6.34249376304018
462			6.441638356827355
463			6.530028665149706
464			6.5978734761965985
465			6.644336212614511
466			6.685121891688948
467			6.737722610934146
468			6.8156171693719765
469			6.911880337286485
470			7.013118538036431
471			7.106709366188954
472			7.192988228242657
473			7.283021962030339
474			7.388155896819742
475			7.512546041554838
476			7.645335649450624
477			7.77378691994345
478			7.886099913920149
479			7.975949885964518
480			8.03899333512703
481			8.071430758094154
482			8.080502199220474
483			8.083756630148564
484			8.099114182761111
485			8.137619748590412
486			8.193960750568074
487			8.260444470215694
488			8.330464270984901
489			8.404757131298078
490			8.487101916798014
491			8.581059116297338
492			8.684373359855691
493			8.788638519256882
494			8.885157164868694
495			8.967809952145528
496			9.037519005399806
497			9.096397617579946
498			9.147033785088006
499			9.195767734373383
500			9.250721859046775
501			9.319837487126318
502			9.404744053099122
503			9.499479470154494
504			9.59763198404242
505			9.694946822520919
506			9.793979862599919
507			9.898627908674058
508			10.011226156429236
509			10.119531126828118
510			10.203352946517795
511			10.242809288082821
512			10.23514364117947
513			10.2011174785438
514			10.163198670992507
515			10.142131251930431
516			10.152329762867716
517			10.206756402319394
518			10.316538268273533
519			10.472332282417874
520			10.651987303703365
521			10.833283122240081
522			11.001956297237184
523			11.156267245204212
524			11.295576324468653
525			11.421087765464288
526			11.54190865902592
527			11.669262946602393
528			11.813416542198416
529			11.971694482128378
530			12.132128119066385
531			12.282559647688263
532			12.412191915003927
533			12.512691689358059
534			12.575985389919621
535			12.59827603964951
536			12.597214058563516
537			12.597159033892899
538			12.621350176541695
539			12.674374816234996
540			12.745450829620724
541			12.823360538703636
542			12.900561744052983
543			12.977196985802012
544			13.054373095741305
545			13.133426778727511
546			13.21704757715175
547			13.30841828445466
548			13.41031774396115
549			13.517100728445703
550			13.615161262932727
551			13.690608391620227
552			13.738104736765747
553			13.773030024940029
554			13.813839041518742
555			13.875865020196434
556			13.952806172857642
557			14.029198272178823
558			14.08984393403605
559			14.127541851599261
560			14.143751209811876
561			14.140369265767792
562			14.123584056352149
563			14.111655503712043
564			14.124951019578576
565			14.179711562375065
566			14.258352919211767
567			14.326722480735885
568			14.351285002669046
569			14.324180093134379
570			14.269396480633068
571			14.212904698564909
572			14.1727884629709
573			14.141311057816248
574			14.105460040928953
575			14.053094636530636
576			13.98056672874916
577			13.889017224673976
578			13.779661075453506
579			13.65468004012722
580			13.517628270181435
581			13.372164346810251
582			13.217083586059577
583			13.032652020681576
584			12.794723439794577
585			12.482095553235622
586			12.107851590930688
587			11.707224159083065
588			11.315626980751038
589			10.955576490550104
590			10.628662024449335
591			10.334558676084587
592			10.071497226704247
593			9.831319100437716
594			9.604099481974743
595			9.380361636818094
596			9.156907185870427
597			8.935161279648153
598			8.71663070046162
599			8.500176932099782
600			8.279762228570902
601			8.048817848895947
602			7.80623928095709
603			7.578896631836773
604			7.402588478036011
605			7.310446036230034
606			7.290268032776863
607			7.291992401777818
608			7.264548087295457
609			7.182285261356823
610			7.073187831764682
611			6.972041549207972
612			6.9078811101380415
613			6.875773992535459
614			6.858361419414617
615			6.838652273972547
616			6.807653357547147
617			6.763906928097379
618			6.706259575746282
619			6.636787732098599
620			6.565309704493798
621			6.502779715147937
622			6.458273985452497
623			6.428113395020426
624			6.403313925616187
625			6.374907573790359
626			6.334776331987962
627			6.275700635668225
628			6.190516459992328
629			6.079994498124362
630			5.966435471563916
631			5.875756751609547
632			5.8303540513381265
633			5.825214215622233
634			5.842477097290072
635			5.864285944064268
636			5.875215888458968
637			5.862708806006868
638			5.814377260032971
639			5.728204605595937
640			5.6338758693850925
641			5.567112499565707
642			5.557720909134262
643			5.582972488180532
644			5.592636045545701
645			5.537319387264338
646			5.4101509650032416
647			5.259803492261022
648			5.138690845814523
649			5.0816283070526875
650			5.063202893769531
651			5.045127996491691
652			4.99204583671643
653			4.898133737726638
654			4.774679300658849
655			4.633388724193967
656			4.496301925360269
657			4.4003129665025424
658			4.3834667026251335
659			4.464591927856087
660			4.5894631644483335
661			4.686497094273622
662			4.6902631374543935
663			4.605336435438515
664			4.480745742529609
665			4.365887568430028
666			4.28893775531956
667			4.244764499057236
668			4.22532168950064
669			4.222127515687071
670			4.2248774180826
671			4.222790255343237
672			4.206325199398049
673			4.181739461761751
674			4.1661782147577995
675			4.176827309590848
676			4.217250370025149
677			4.267863443672557
678			4.306833212969169
679			4.31590187814946
680			4.293098580128622
681			4.2410874021286595
682			4.162876826753977
683			4.06633359873939
684			3.9629213683656177
685			3.8641250511851313
686			3.7752754204219428
687			3.690488917433031
688			3.60269087210443
689			3.5069657058211807
690			3.4089858680203373
691			3.3176642072419424
692			3.241627922945567
693			3.185073285440793
694			3.148710241461942
695			3.133070309720309
696			3.128644656322401
697			3.1065089342737724
698			3.0355198045797325
699			2.8949606336633917
700			2.7184941185372145
701			2.557453471081491
702			2.460407019388629
703			2.4295915518975773
704			2.428939549623822
705			2.4213135418134315
706			2.3810544956731907
707			2.3057884460004523
708			2.1959606197763994
709			2.0557264676623346
710			1.909550935912145
711			1.7888128598726294
712			1.722885166407962
713			1.7054728578755152
714			1.6996650965998155
715			1.6676456920486955
716			1.5861023008489923
717			1.4622035287542576
718			1.3069659175367412
719			1.133147496055239
720			0.9633701631222858
721			0.8237246827278233
722			0.7387899121776788
723			0.7051595929300793
724			0.6948012371553183
725			0.6788847525444286
726			0.6362787114205906
727			0.5623878792918532
728			0.45475845597981224
729			0.3167601448938934
730			0.1853751938166049
731			0.10961915333014706
732			0.13525076983466364
733			0.24645902156275531
734			0.3726258126534213
735			0.44141599750105714
736			0.41692202943581036
737			0.34205781790683354
738			0.27003218537933454
739			0.24566436957227197
740			0.26522483319655266
741			0.30756122352949783
742			0.3518736197350331
743			0.3843876198672144
744			0.3975664903073184
745			0.3841150597954874
746			0.3411874507985652
747			0.2754887923279145
748			0.1949601992967366
749			0.10939519124554367
750			0.03915144536047594
751			0.008325930520400678
752			0.03931490704692336
753			0.12347054003701996
754			0.22505889845354168
755			0.30750564741246733
756			0.3453203533585914
757			0.3362411572132089
758			0.28092896997453193
759			0.18536060477809743
760			0.08485810771989093
761			0.02481419000457187
762			0.047440652732015025
763			0.1398896791906213
764			0.24283687470388066
765			0.29569044749649387
766			0.2641428402962038
767			0.1667741448457668
768			0.028505793291689428
769			-0.12213195723109858
770			-0.23768125412745258
771			-0.2645002112616342
772			-0.15389533561455912
773			0.06375598897466928
774			0.2945575643427315
775			0.4432627877737868
776			0.46425373112737767
777			0.40615815772444924
778			0.3281391776392095
779			0.2784478631877901
780			0.25199611498349067
781			0.2274233221939008
782			0.18525085395049395
783			0.13321355431677015
784			0.09949236074013201
785			0.112401285080933
786			0.16853095617536332
787			0.20860550991102556
788			0.16766557098723572
789			0.007410401273687498
790			-0.19140485228962187
791			-0.31480233235185096
792			-0.25911293181088546
793			-0.05216888283330568
794			0.18747977133686086
795			0.34051123794765914
796			0.35537281133957815
797			0.2892252674149333
798			0.2090237474239109
799			0.16881311420866388
800			0.17104180924087878
801			0.20527033204713216
802			0.25973520589143023
803			0.30805013482719357
804			0.31474724410955174
805			0.24510688635325395
806			0.1078880594560645
807			-0.02576151592339024
808			-0.07987461029745786
809			-0.008087698006658567
810			0.13234377798888328
811			0.2615064171154796
812			0.30662738561302844
813			0.26193395103047007
814			0.15832139386152244
815			0.0270108288488851
816			-0.10253214990452647
817			-0.20305361912316194
818			-0.24744991371328207
819			-0.2220440577633361
820			-0.1534677486440913
821			-0.07588551816288808
822			-0.021423279054265575
823			-0.006247639511704427
824			-0.03900733952198667
825			-0.12708096845808436
826			-0.2450371926118034
827			-0.3318495400839063
828			-0.324780506212251
829			-0.1904955807368762
830			0.030093617526895478
831			0.28453687345309636
832			0.5205549140983813
833			0.6869652482890262
834			0.7330185918918135
835			0.6124963323638848
836			0.3684500412733491
837			0.12562823892961394
838			0.01130079911646925
839			0.0749588024388084
840			0.2038909399465524
841			0.2650941587680067
842			0.16260389002228295
843			-0.008385064067647116
844			-0.091186987607878
845			0.058088099547840506
846			0.39703927554347657
847			0.7426740263883432
848			0.9099112625056988
849			0.8190542437287689
850			0.5687389431682176
851			0.27483783131557493
852			0.038533863829546156
853			-0.09869129091431132
854			-0.11052086637368634
855			0.019143930098425434
856			0.19704000378627054
857			0.2635788743202631
858			0.062418925824360705
859			-0.38588758392027406
860			-0.8222263200840382
861			-0.9706813793755715
862			-0.6798144955509945
863			-0.18718392006582935
864			0.19387403577894624
865			0.19539965279200644
866			-0.09383376839139633
867			-0.41640084061306454
868			-0.5220170288496617
869			-0.3665571993297335
870			-0.12311393783805773
871			0.025202372776279094
872			-0.010677170638102033
873			-0.0979077914183925
874			-0.07164975170848194
875			0.19433029939769533
876			0.6051193897900432
877			0.9871993699491586
878			1.1755520344179022
879			1.1425599273422755
880			0.971068373055339
881			0.7468448051077653
882			0.5380328046022511
883			0.38181480608260143
884			0.312233179304552
885			0.3365820626146663
886			0.352282282470207
887			0.22854696041116182
888			-0.14245500802118286
889			-0.6287308386265373
890			-0.9555028957833143
891			-0.8534254289385187
892			-0.3327952162285375
893			0.23583412514866908
894			0.4583129301277742
895			0.12125093416095037
896			-0.4683600960061721
897			-0.910451451872906
898			-0.8697659406915924
899			-0.46098276752022554
900			0.010391747947090385
901			0.2513231227491482
902			0.23332625367153434
903			0.17284082773742715
904			0.2944286168211276
905			0.6751363831013679
906			1.0980088432270612
907			1.3112400802583537
908			1.1329889664658435
909			0.7038880803045263
910			0.2574159838110294
911			0.010067414319925444
912			-0.019537884539861085
913			0.059397266515888045
914			0.13594462618731648
915			0.11718589188588018
916			-0.0651837152133932
917			-0.4776344184331974
918			-1.09720824495227
919			-1.6324723062193853
920			-1.7418214962946081
921			-1.1615469164363552
922			-0.179475542275894
923			0.6785149716043152
924			0.9101186410629996
925			0.5012997293891808
926			-0.11229850050206913
927			-0.4803142249076114
928			-0.3992542440875269
929			-0.14388821761011725
930			-0.043769059288389006
931			-0.3184714076704667
932			-0.708353712973127
933			-0.8232823420827248
934			-0.3254428574053821
935			0.5699888579584798
936			1.3156651636944594
937			1.372638004406458
938			0.6591468001314483
939			-0.33768061208493305
940			-1.0954870213619547
941			-1.2900647113853205
942			-1.1203849307900873
943			-0.8707641209817986
944			-0.7945912149021511
945			-0.9597326120231525
946			-1.365192891847061
947			-2.009862937581673
948			-2.8926336324347823
949			-4.012395859614185
950			nan
