Nom de l'instrument : SAM_80E0
Fichier_calib_utilise: /Users/mdlemineahmedou/Documents/Stage/pipeline_LOG/data/calibration/ALL_2023/Cal_SAM_80E0.dat
Date : 2017-07-01
Heure : 13:22:51
InclX : 
InclY : 
Pressure : 
Comment : J1-1
Mission : VITEL

l_onde		data
310			nan
311			nan
312			nan
313			nan
314			nan
315			nan
316			nan
317			131.3963326151881
318			129.43986740353415
319			128.3923472524909
320			128.13538302217276
321			128.550585572694
322			129.51956576416896
323			130.923934456712
324			132.64589867668144
325			134.58262272833116
326			136.64695468626545
327			138.75233686175574
328			140.75346559155344
329			142.3568484534515
330			143.24598882314174
331			143.19785062943518
332			142.6158287475396
333			142.16076132674152
334			142.4709018904929
335			143.65725183630144
336			145.30926238150323
337			146.99463641426337
338			148.4223030140937
339			149.63743897329218
340			150.73418758020372
341			151.81317556329006
342			153.01606147928027
343			154.50050824678684
344			156.41747524513409
345			158.77687639553415
346			161.45493256153125
347			164.32244481460037
348			167.21423143478142
349			169.88285559797075
350			172.0694385237924
351			173.56046824478813
352			174.418583817064
353			174.81033175935397
354			174.90078534505625
355			174.82186779026185
356			174.67494232371897
357			174.5605908605505
358			174.65575171212726
359			175.30763740397998
360			176.88648620284994
361			179.67300384495775
362			183.41463046091602
363			187.66218041278265
364			191.96701832074638
365			195.8972791338598
366			199.0363467770791
367			200.96943054764748
368			201.5387181432201
369			201.15381376960178
370			200.3001851423077
371			199.44269720762745
372			198.9241964856505
373			199.0427769350628
374			200.0725309689866
375			201.8213094278123
376			203.6732085977113
377			204.99802376419
378			205.39441948607637
379			204.96847748266268
380			203.89443999227987
381			202.39755621550836
382			201.00802426251872
383			200.36887925848015
384			201.0973062319435
385			203.29294584343387
386			206.57935026769917
387			210.56232355374146
388			214.84209341714222
389			219.00630953618798
390			222.64089834016943
391			225.48807328092184
392			228.24680168167527
393			231.97795386497256
394			237.7181190621221
395			245.98710866248274
396			256.8179151163417
397			270.22327040849564
398			285.88233236400714
399			302.6992021957662
400			319.468163698111
401			335.054624511056
402			348.7758630336473
403			360.1260369475694
404			368.6329505309159
405			374.55544308476647
406			378.86531512311643
407			382.56304228181483
408			386.3493380582555
409			390.198997434099
410			393.9790859617772
411			397.5579621930056
412			400.8126196622449
413			403.6235889634837
414			405.8711504634081
415			407.4293646984758
416			408.1659481132338
417			407.94862909871046
418			406.7723404708599
419			404.95665356118235
420			402.8721810173324
421			400.8162923485592
422			398.56590297100894
423			395.6725783498557
424			391.70330203351836
425			386.6555839250649
426			380.99051055036443
427			375.19212015397545
428			369.74983606124005
429			365.16771785366024
430			361.9522881256755
431			360.54092520210656
432			360.84206368144334
433			362.5198638871844
434			365.2353224467448
435			368.5943023435123
436			372.1394514584904
437			375.41008505761374
438			378.10756575258176
439			380.4069645982475
440			382.5694533171841
441			384.8382468795197
442			387.30698459383046
443			389.9950465716818
444			392.9190184352834
445			396.01749147891604
446			399.1330717732129
447			402.1024714315609
448			404.7926663319061
449			407.16666895470655
450			409.20649754203345
451			410.8937359402454
452			412.2059835849921
453			413.11869875846634
454			413.6096146395575
455			413.7507068343693
456			413.73935316687374
457			413.78161349789804
458			414.0262355277281
459			414.4228562388381
460			414.87790126925506
461			415.2976313109201
462			415.5866223265735
463			415.64846455943075
464			415.3884444498464
465			414.7978227346739
466			413.99238980272054
467			413.0976890771852
468			412.23459397607445
469			411.50608119714764
470			411.01084093826995
471			410.84177041584394
472			411.0251251458498
473			411.5444968689054
474			412.38224356642934
475			413.48636023578365
476			414.7503242682525
477			416.0627735597905
478			417.30435316636994
479			418.32170774044255
480			418.9524427887937
481			419.04258393271806
482			418.5485503343187
483			417.5044108204101
484			415.94744309385834
485			414.0502270997264
486			412.22181126311386
487			410.8950687565652
488			410.45340382644304
489			411.04538970850547
490			412.7499900980274
491			415.6228546263566
492			419.36708519714654
493			423.41240215488267
494			427.18274866716393
495			430.26588637650576
496			432.56662576336436
497			434.0260496181645
498			434.61267345397573
499			434.44105875773573
500			433.67417588646555
501			432.4777054188591
502			431.0647209004146
503			429.68892225736926
504			428.6047722310016
505			427.9665334256649
506			427.712700325595
507			427.7537431743974
508			427.9827718914335
509			428.18875394570375
510			428.12199994140195
511			427.53742430139874
512			426.28793997618493
513			424.31952549217345
514			421.5822000182748
515			418.13649632882243
516			414.30884716675405
517			410.4648632514063
518			406.9510898051738
519			403.98460886679726
520			401.72867016229526
521			400.33738276978517
522			399.7378508337818
523			399.6179681271412
524			399.6543277541957
525			399.5890870740068
526			399.34129422265846
527			398.85953102684346
528			398.10765549459234
529			397.1674682655102
530			396.1756717545238
531			395.2653125689701
532			394.44621058059505
533			393.58393872669365
534			392.5358976023865
535			391.2017524603375
536			389.6093881781129
537			387.8109132191564
538			385.8657132126899
539			383.89733442146024
540			382.0627108556077
541			380.5174693335516
542			379.355051057317
543			378.5879845068101
544			378.2233761524892
545			378.2584486938179
546			378.6566506234397
547			379.3742223925718
548			380.3663204145177
549			381.5771399665638
550			382.94451303163646
551			384.40616517541315
552			385.898413724277
553			387.355539066558
554			388.7116623678531
555			389.89896917284705
556			390.84219246796374
557			391.4642718870066
558			391.69793333604395
559			391.589857534068
560			391.2603344676817
561			390.8305873525868
562			390.4021050519199
563			390.0446579077295
564			389.8251512696494
565			389.7616931324029
566			389.66100198605125
567			389.272568342322
568			388.3639677758416
569			386.9462610641283
570			385.2049683117733
571			383.3293510196904
572			381.50352499217854
573			379.902425338645
574			378.7000376201478
575			378.0158155365021
576			377.7040583856419
577			377.53859062886755
578			377.3051963736802
579			376.97676323580276
580			376.67435047516994
581			376.5221809673713
582			376.5289012910215
583			376.4746525764712
584			376.11274950738925
585			375.21586279284764
586			373.66200765359116
587			371.36486412164106
588			368.24769876698883
589			364.40754585057067
590			360.09291473730303
591			355.55770058869456
592			351.11621629353
593			347.21481372934335
594			344.31729030510354
595			342.8251463268996
596			342.76163852911316
597			344.00803783593403
598			346.43950786273206
599			349.80707023893007
600			353.7431745877005
601			357.87570276465283
602			361.8853645882252
603			365.58005461489466
604			368.78641983648134
605			371.3445239939781
606			373.184947708942
607			374.27569080320615
608			374.58728960504334
609			374.1501461287617
610			373.05699127341916
611			371.4034788040177
612			369.2916489025226
613			366.84040515420804
614			364.17140224877755
615			361.40124774214047
616			358.6088949888363
617			355.8562816002816
618			353.2039017106333
619			350.67295556946914
620			348.2403060077779
621			345.88042472633816
622			343.5500501291875
623			341.1548473920049
624			338.591342558891
625			335.7703145855243
626			332.71944537226216
627			329.5237074624069
628			326.2694507008018
629			323.0760905391057
630			320.103216344665
631			317.5128264714061
632			315.43728268930676
633			313.91647077773007
634			312.9722897439801
635			312.61782180284564
636			312.787202869981
637			313.37296479832776
638			314.2674216920422
639			315.3689358102091
640			316.58372494348293
641			317.81852873329325
642			318.96256471768635
643			319.84628381226094
644			320.2878306895778
645			320.12334584530043
646			319.36340760039343
647			318.1165629902175
648			316.49277103329604
649			314.6164366338693
650			312.6318619941724
651			310.68479828549016
652			308.8991132612331
653			307.3205084868135
654			305.9772399926331
655			304.90112979364375
656			304.161049240981
657			303.84783443238285
658			304.05232353799175
659			304.8509808041892
660			306.299460879582
661			308.45178946590465
662			311.3231868519859
663			314.7827690927612
664			318.665273140099
665			322.79789033485673
666			326.9247506868199
667			330.73852750278087
668			333.93459195797317
669			336.40120269136105
670			338.31727930518696
671			339.88579733082776
672			341.27427111186176
673			342.51108348973554
674			343.59049981700554
675			344.5105967010768
676			345.3133152492155
677			346.06868808163694
678			346.8464441966774
679			347.6704145109011
680			348.4932043549138
681			349.261282350624
682			349.8911687080889
683			350.1784495864692
684			349.8881898224936
685			348.796409443097
686			346.80900251223994
687			343.916865091968
688			340.11400467485197
689			335.4980055746669
690			330.33007275586874
691			324.88585190358157
692			319.45088964554424
693			314.3513349626384
694			309.92374333224154
695			306.48005898915847
696			304.0366000263213
697			302.4143378078949
698			301.4310240309474
699			300.92045065987463
700			300.7418848932773
701			300.75685857116906
702			300.85400787900204
703			301.03324891562545
704			301.3230521850245
705			301.755339687575
706			302.4033000521671
707			303.36729862156045
708			304.74663087454996
709			306.54344087258073
710			308.60679065015916
711			310.7722776267752
712			312.83863390655364
713			314.455343283682
714			315.2341253118601
715			314.78816816609276
716			312.7478124642252
717			308.75450287505964
718			302.4568256000061
719			293.91453706910846
720			283.82121614497055
721			272.9245580071078
722			261.93608432618527
723			251.425210044164
724			241.9264587226294
725			233.93803323309115
726			227.55174792628935
727			222.6045613664216
728			218.92931636675644
729			216.34888673554192
730			214.67133259101115
731			213.70351244471038
732			213.34652212909936
733			213.85465671471655
734			215.56494323993837
735			218.7730155916695
736			223.33948583754477
737			228.8647817687133
738			234.9471037478827
739			241.24476070488768
740			247.50084778507932
741			253.464858733192
742			258.94025036469844
743			263.92005559401014
744			268.4389150411696
745			272.5313521346374
746			276.2307560415071
747			279.56987965478294
748			282.5799195855664
749			285.2298729929207
750			287.40677773784205
751			288.9920932671122
752			289.9260540520975
753			290.33894261825816
754			290.39938334049276
755			290.2430762903913
756			289.7178991802842
757			288.52299646932187
758			286.35341447827875
759			282.80904794541607
760			277.37459838831336
761			269.52810536003983
762			259.0269371002872
763			246.44461345507722
764			232.50292049339598
765			217.98262955990666
766			204.1214504622298
767			192.37041040617666
768			184.1541408053992
769			180.14788854410696
770			180.20770118797267
771			184.1474574799425
772			191.51181142891315
773			201.14751370555635
774			211.7897070975672
775			222.25523531583443
776			231.911339997411
777			240.35249626180251
778			247.1887403166385
779			252.35313148510753
780			256.0918322152478
781			258.6637696459574
782			260.30619997975066
783			261.20742926291973
784			261.5490463562879
785			261.49097211255764
786			261.0685611068592
787			260.27274098434947
788			259.0944076813103
789			257.5248548279612
790			255.55571128717392
791			253.1791353707583
792			250.4491007334096
793			247.53911250930628
794			244.6363365104068
795			241.9047506723608
796			239.39678705688814
797			237.13137783934837
798			235.12678021425722
799			233.39222917019399
800			231.93048401898295
801			230.74360501797702
802			229.7954245628054
803			228.98759736145405
804			228.21607246706307
805			227.41225793154518
806			226.64726998650397
807			226.02662791103143
808			225.64259929049484
809			225.44854058376325
810			225.31488981201323
811			225.10965313351508
812			224.6453210731041
813			223.65978764589306
814			221.88572026218307
815			219.09636717072598
816			215.19299782536635
817			210.1020646416011
818			203.7985307291591
819			196.64865958571957
820			189.20779689137075
821			182.0278936041533
822			175.53631733872993
823			170.02477730325245
824			165.77783333788352
825			162.96939884923492
826			161.49905716734665
827			161.2246058702771
828			161.98251636236864
829			163.47839121516776
830			165.368219713558
831			167.32081781922966
832			169.23629290154767
833			171.21445786654658
834			173.3612034590038
835			175.72646677997656
836			178.2528499367425
837			180.87080726821142
838			183.54938940047373
839			186.43502234011032
840			189.7250544373683
841			193.59865895337467
842			198.01372212818038
843			202.780492873035
844			207.7068806095673
845			212.6187844578908
846			217.36839525574052
847			221.80999662985454
848			225.84397032564414
849			229.52583602923937
850			232.94371412623101
851			236.16936837541692
852			239.13740041910438
853			241.7139335945724
854			243.76754963783065
855			245.24736210273554
856			246.19055765877323
857			246.63903031281663
858			246.70794131683795
859			246.68972406950746
860			246.90309433169767
861			247.62194772671072
862			248.86078328152325
863			250.5409989811578
864			252.5829680892535
865			254.8927354589247
866			257.36489233611644
867			259.8933311743737
868			262.3413082968668
869			264.5193755015854
870			266.23288083675106
871			267.3618849609318
872			268.0812932757634
873			268.63873433082307
874			269.2693967475953
875			270.0868146399339
876			271.13571935191953
877			272.45744491561504
878			274.00654499813766
879			275.6327940547926
880			277.1797656929957
881			278.52010491226054
882			279.60309045962305
883			280.39048038538067
884			280.85775565854226
885			281.0654301272453
886			281.10654521647814
887			281.07050473086935
888			280.98454955138465
889			280.8243605250475
890			280.5640575717075
891			280.1776271425608
892			279.6388223169487
893			278.9213726366234
894			277.9610116355767
895			276.5444895546313
896			274.42204624240475
897			271.3511095067737
898			267.1569447834267
899			261.70211665013125
900			254.85428850651317
901			246.6224608051183
902			237.17813679176945
903			226.70228497782293
904			215.53900492307122
905			204.4303805914586
906			194.17804598437826
907			185.4877464069979
908			178.53274274104336
909			173.3025209222083
910			169.76418556092435
911			167.57232828842544
912			166.1506999344179
913			164.92087102030106
914			163.48717013897803
915			161.73129608385278
916			159.5581422266347
917			156.91820507218404
918			153.91084563119847
919			150.66575112451656
920			147.33720510542145
921			144.26351881862763
922			141.86637217284257
923			140.55313592143963
924			140.43005723841057
925			141.32171680521677
926			143.04140337479072
927			145.34929032303032
928			147.90416877856353
929			150.3534257527773
930			152.3369414417386
931			153.46350348491023
932			153.33385067787182
933			151.57110121817965
934			148.0126540630577
935			142.615088265753
936			135.3457113502086
937			126.44087533467916
938			116.43833491463909
939			105.89168252985948
940			95.32964870390038
941			85.22432424383467
942			76.03995164222049
943			68.18166299966897
944			61.76273794470793
945			56.806539578804184
946			53.33640581505716
947			51.37567456656628
948			50.94768374643095
949			nan
950			nan
