Nom de l'instrument : SAM_80E0
Fichier_calib_utilise: /Users/mdlemineahmedou/Documents/Stage/pipeline_LOG/data/calibration/ALL_2023/Cal_SAM_80E0.dat
Date : 2017-07-02
Heure : 16:24:11
InclX : 
InclY : 
Pressure : 
Comment : J2-3
Mission : VITEL

l_onde		data
310			nan
311			nan
312			nan
313			nan
314			nan
315			nan
316			nan
317			215.08759577437752
318			211.25844288519272
319			208.8198197545153
320			207.5889506962101
321			207.38306002414186
322			208.01937205217524
323			209.3151110941751
324			211.09006368781905
325			213.2283002747882
326			215.68129754505705
327			218.40338059242043
328			221.21381100119578
329			223.59114796692444
330			224.96106147369267
331			224.8972260572835
332			223.96533511380153
333			223.13877036448602
334			223.35959145516367
335			224.83511649691
336			227.04586789724095
337			229.44195787431644
338			231.64032834411535
339			233.65512873619218
340			235.55835232380267
341			237.4392774528073
342			239.49657472347548
343			241.97158291102124
344			245.09489657072533
345			248.8702363982821
346			253.086275682692
347			257.52309467167225
348			261.9325078098461
349			266.0017151391047
350			269.4089286248142
351			271.88457699162535
352			273.47693609948925
353			274.35387828461313
354			274.68505642138814
355			274.6713290493259
356			274.5423222217405
357			274.52914026886174
358			274.948116560176
359			276.3056446093887
360			279.13381927152034
361			283.8284807781292
362			289.9739218274386
363			296.8552011978717
364			303.759837259657
365			310.03249531803783
366			315.0698034180505
367			318.2721482059938
368			319.41762498936924
369			319.1183218520906
370			318.0978315984721
371			317.0502136501582
372			316.4946180836347
373			316.8860436709244
374			318.64331874757687
375			321.4825461768087
376			324.48114034641304
377			326.69492220313447
378			327.51667703277184
379			327.08626064579107
380			325.6438816169861
381			323.5164022708309
382			321.54875080578205
383			320.77754984829534
384			322.1972014608804
385			325.9565727962441
386			331.4267243884736
387			337.9498449776259
388			344.8866725437911
389			351.6397849312342
390			357.6174922381663
391			362.46295504277435
392			367.2570355459243
393			373.62442288759405
394			383.1535523737373
395			396.6611290594596
396			414.23686688014357
397			435.94005690356425
398			461.28899567024365
399			488.544983717683
400			515.7912183919352
401			541.2159295340023
402			563.6746493890876
403			582.2841175679939
404			596.2187728842838
405			605.9088317165892
406			613.0092406791589
407			619.2241591262353
408			625.7283400192621
409			632.414500153072
410			638.9850966425387
411			645.1560187411984
412			650.7328589893494
413			655.5579541657636
414			659.4722326642539
415			662.2804041980596
416			663.7502362119002
417			663.6483416661193
418			661.9590315111597
419			659.2222039137437
420			656.0651092843966
421			652.9916880987357
422			649.6296600458347
423			645.2273524458618
424			639.0586487628672
425			631.1116691414217
426			622.1436002992817
427			612.9497044589865
428			604.3335027901236
429			597.120963676996
430			592.1418329576246
431			590.1127008935791
432			590.8845338473918
433			593.9085398711612
434			598.6308384916357
435			604.4099740797977
436			610.5040791340671
437			616.1659931413207
438			620.9066030900711
439			624.991138964591
440			628.8219392101986
441			632.7764741723549
442			637.0250685838055
443			641.6352064697561
444			646.6690819165093
445			652.0318405975895
446			657.4353535289363
447			662.5796243050552
448			667.2271388991775
449			671.3386598524725
450			674.914188882477
451			677.9500513299554
452			680.408851680329
453			682.2350734141185
454			683.3767109781232
455			683.9330468823308
456			684.204672741572
457			684.506118612552
458			685.0720422890971
459			685.8596137955119
460			686.7657822914456
461			687.6819995984299
462			688.4435687299567
463			688.8529405495649
464			688.715280145515
465			687.9931663231068
466			686.877184119667
467			685.5757758063277
468			684.2959894826616
469			683.2395304065641
470			682.6068241550736
471			682.5859048988424
472			683.222257691528
473			684.4701081581268
474			686.2812021231546
475			688.5439647905207
476			691.0463618509258
477			693.567441264084
478			695.8841097671375
479			697.7641656412069
480			698.9729856473057
481			699.2880419879309
482			698.6453853683948
483			697.0926089582134
484			694.6823174248327
485			691.6956261836472
486			688.8130201531878
487			686.7552216550749
488			686.1624831706974
489			687.2930635672009
490			690.2919896480157
491			695.2651550957097
492			701.7266866527668
493			708.731828033826
494			715.326032022492
495			720.8185340662254
496			725.0290858231093
497			727.8358451020152
498			729.1666373962369
499			729.2137083747563
500			728.2569492718072
501			726.5806204909104
502			724.5452743616256
503			722.5768624709049
504			721.1025049725406
505			720.3772511892902
506			720.2856180187175
507			720.663997130994
508			721.3229405919187
509			721.917991858132
510			722.0471564003008
511			721.3155185487321
512			719.4787798496776
513			716.4356774468216
514			712.0912311872854
515			706.542546174323
516			700.3488919965453
517			694.137634035859
518			688.5036080406479
519			683.8207591141751
520			680.3711834343967
521			678.4211261564499
522			677.8430531681412
523			678.0944786494232
524			678.6133173866207
525			678.953399060782
526			678.9812889415907
527			678.6157666440598
528			677.799751234466
529			676.6625349533638
530			675.420165932741
531			674.282860860588
532			673.2644171410027
533			672.1487074021609
534			670.7065760272832
535			668.773304327168
536			666.3796579525867
537			663.5933339655558
538			660.4983930719491
539			657.3231694198937
540			654.37107380469
541			651.9428031917512
542			650.2080228744105
543			649.1659064811072
544			648.8042043400917
545			649.1014010821066
546			650.0043191733045
547			651.4530237873512
548			653.3841268949944
549			655.6993237667357
550			658.2800393980447
551			661.0077097045605
552			663.7768304682602
553			666.5007878250749
554			669.0944444615781
555			671.4580447894591
556			673.4355497071942
557			674.8573762827505
558			675.5731955616246
559			675.6568787084218
560			675.3271192620043
561			674.8045429395418
562			674.2773207103126
563			673.8814598558346
564			673.7482559445743
565			673.9212023580823
566			674.0634345500114
567			673.7351163752521
568			672.5272147114839
569			670.4454090366271
570			667.7925241183659
571			664.8778344795708
572			662.008857726059
573			659.4899768599942
574			657.6252506752138
575			656.6260082360384
576			656.2526918149886
577			656.1288987344251
578			655.8971387200727
579			655.4958318491756
580			655.0977365272142
581			654.8806246487525
582			654.8407883927554
583			654.6157170966956
584			653.8007767903975
585			652.027993966387
586			649.1289184418675
587			645.0026494640691
588			639.5617866104981
589			632.963388638046
590			625.5776119134938
591			617.7824536503308
592			610.0919468696604
593			603.3174219468706
594			598.3094894001969
595			595.8010180167624
596			595.8099949783442
597			598.0860538144206
598			602.3696366416733
599			608.2164200385605
600			615.0056050713606
601			622.1096194562219
602			628.9872213206257
603			635.3050115738345
604			640.7602359838172
605			645.0744233753154
606			648.1329296314201
607			649.8888358757384
608			650.2994199182843
609			649.4205519010088
610			647.4107509205727
611			644.4333527380879
612			640.6638083769258
613			636.3095593419505
614			631.5832660818967
615			626.687922763591
616			621.7544081433522
617			616.8810123882902
618			612.1638398451333
619			607.6404577999554
620			603.2823830022376
621			599.0575666220519
622			594.904065666995
623			590.6738397083524
624			586.2034418936473
625			581.3512667464968
626			576.1548526213851
627			570.7395309158064
628			565.2331556702137
629			559.8280983253306
630			554.7951174089033
631			550.4096737126473
632			546.8934900310383
633			544.3006087491958
634			542.6524580646886
635			541.9564664152348
636			542.0947072154992
637			542.8831927943503
638			544.1381946699269
639			545.7090967537384
640			547.4882903627832
641			549.3710317194559
642			551.2023203587324
643			552.6586020917299
644			553.3810261104254
645			553.044447496247
646			551.6504405933146
647			549.3840735841923
648			546.4335857324658
649			543.0377035678777
650			539.504693155468
651			536.1478849054638
652			533.2105303799841
653			530.6855639170516
654			528.5100527591004
655			526.6368214301121
656			525.1824071155203
657			524.3604042626364
658			524.3850730208283
659			525.4401532706562
660			527.6651997050872
661			531.1963081842949
662			536.0772804665689
663			542.0044266063626
664			548.5922900126142
665			555.4548136761554
666			562.199331245383
667			568.4290818644721
668			573.7515264088291
669			578.0125610389905
670			581.4173786179063
671			584.2009084292331
672			586.5631248610165
673			588.5668572298819
674			590.2413044712773
675			591.6214057790237
676			592.8081661369791
677			593.9449000960137
678			595.1741076820366
679			596.547658515932
680			597.9767800946782
681			599.3605823632064
682			600.5471495290045
683			601.1785198442826
684			600.8447297057762
685			599.1566144289461
686			595.971580996742
687			591.3084164869163
688			585.1909837410554
689			577.7872569343155
690			569.4928633972117
691			560.7235225183954
692			551.9184793772815
693			543.6134545548096
694			536.3688955723754
695			530.7043463619872
696			526.6480237107804
697			523.9034804573721
698			522.1691474124448
699			521.1848010872814
700			520.7558834452838
701			520.6936738329787
702			520.8441174355336
703			521.1954839052584
704			521.7725633263315
705			522.6091392349114
706			523.846522569281
707			525.696837938377
708			528.3699880353015
709			531.8582325772104
710			535.8108900374197
711			539.8471148529187
712			543.5607803313734
713			546.4434097588266
714			547.9606288360679
715			547.566770020705
716			544.5842690312069
717			538.250175024716
718			527.8136080345233
719			513.3222414734861
720			496.0547256353674
721			477.3948127008923
722			458.6461291991435
723			440.79753003206287
724			424.7605844116457
725			411.38212590892033
726			400.78466756800134
727			392.6364840178879
728			386.5994586556656
729			382.3684143266028
730			379.68712106514715
731			378.3033235043665
732			378.0983959503186
733			379.454553546081
734			382.8713263764214
735			388.78597871983794
736			396.981391620922
737			406.84906293216596
738			417.77637764322736
739			429.2052152636042
740			440.6543226167985
741			451.64825083654193
742			461.8068696026862
743			471.08490941531943
744			479.51059522089554
745			487.11764892253194
746			493.99299578069883
747			500.25340595641944
748			506.01191906874544
749			511.21855104529754
750			515.6085039064984
751			518.9023498736735
752			520.9446178045486
753			521.9806482571655
754			522.3366448214966
755			522.2808944261665
756			521.5753798890169
757			519.7204495333045
758			516.2080825752047
759			510.3241846969798
760			501.1051830809909
761			487.57300170923963
762			469.2689395167298
763			447.25182200297854
764			422.8561562078239
765			397.51104513868626
766			373.3783939393303
767			352.9622094975981
768			338.72139734413673
769			331.8378489933567
770			332.09747169423173
771			339.21421744509587
772			352.39809307468863
773			369.55274321072733
774			388.37290057053843
775			406.7153630496864
776			423.52871960947897
777			438.2123085221967
778			450.18846524270657
779			459.3490390029343
780			466.04097411523867
781			470.62993925020737
782			473.48844430934923
783			475.0044521176833
784			475.5680460277469
785			475.51261414329207
786			474.84561169699407
787			473.4582490025869
788			471.2472896909875
789			468.2076062301546
790			464.4167710806769
791			459.9554650532713
792			454.9665033337186
793			449.7128494954237
794			444.4711982930354
795			439.4924291339263
796			434.90323603503646
797			430.79301717868196
798			427.2444395133408
799			424.2494212804044
800			421.73474595298603
801			419.62551555176395
802			417.8291751708179
803			416.2244508805286
804			414.6874333920689
805			413.1482509400219
806			411.7499391814036
807			410.68796208616595
808			410.12864620242055
809			409.93288451067843
810			409.77925144805715
811			409.3436574338473
812			408.29261804935186
813			406.2800250061653
814			402.9588896466831
815			397.99935166555196
816			391.12558592229476
817			382.07239649589854
818			370.679945079471
819			357.63823639417416
820			344.04793198492405
821			331.0013224974121
822			319.2932252639548
823			309.39453987170396
824			301.75932016453095
825			296.65871787082176
826			293.91040827389304
827			293.2629934642859
828			294.43368460154693
829			296.9470612670333
830			300.25467506817705
831			303.8264704128623
832			307.46411600019616
833			311.2557035238582
834			315.29828909995575
835			319.63732144117876
836			324.21925159078086
837			328.979326410463
838			333.9063251095318
839			339.23504332060196
840			345.27090503982186
841			352.29022533468736
842			360.21492103033
843			368.7304630474629
844			377.5193176530563
845			386.3309548087236
846			395.01276953138824
847			403.4199245205455
848			411.4135518356435
849			418.8748727336312
850			425.6893300170513
851			431.74775036268767
852			436.9861081171376
853			441.36291764011577
854			444.8382520364679
855			447.41002820376536
856			449.11755066526285
857			450.00268629600816
858			450.2523710366606
859			450.4045394855421
860			451.0491652895505
861			452.6877760482395
862			455.3100177632207
863			458.72181501955424
864			462.729233749347
865			467.1443491787461
866			471.78404014370517
867			476.46461678065407
868			480.9455082050912
869			484.88828890259475
870			487.9448717416081
871			489.9194469756901
872			491.2171500841275
873			492.3913390585049
874			493.95021374694267
875			495.96035635575277
876			498.2385883751918
877			500.6019708322999
878			502.9695175206627
879			505.3833407081258
880			507.892712070812
881			510.44703576380914
882			512.7324598047938
883			514.3922626757579
884			515.1522782392852
885			515.2498876349531
886			515.118153878994
887			515.168061581851
888			515.4333587293091
889			515.6349004760999
890			515.4854202985955
891			514.8117651820934
892			513.6403112192396
893			512.0175493796274
894			509.9173265943503
895			507.0286507094844
896			502.9707258603134
897			497.36106495312066
898			489.80121962350404
899			479.88396552649846
900			467.21467641106693
901			451.7793069530451
902			434.00138614022165
903			414.32946775890224
904			393.49861569247423
905			372.94288124188694
906			354.2009045473957
907			338.5952013577951
908			326.2481160095168
909			316.86778084174614
910			310.1475380946941
911			305.5781036532607
912			302.5005214418705
913			300.25214012554756
914			298.159379461641
915			295.53207250745385
916			291.6787484491616
917			286.226251243187
918			279.84051509479315
919			273.39915441510675
920			267.71954284910237
921			263.1683376941167
922			259.90801165194836
923			258.09758242068625
924			257.8460694359121
925			259.21572450623586
926			262.2639771237874
927			266.7042066506348
928			271.593097960234
929			275.91346677102393
930			278.7925924729949
931			279.95611004280823
932			279.28454910812115
933			276.61372408573885
934			271.351303258803
935			262.6668257503712
936			249.76639407144643
937			232.97043804455777
938			213.8477357844109
939			194.0316549052879
940			174.81739358696768
941			156.7297419388277
942			140.18673803798922
943			125.58915747178636
944			113.25254377016475
945			103.46618140643098
946			96.51934749792734
947			92.70131916199614
948			92.30137351597966
949			nan
950			nan
